1 0.721818 0.0930978 0.140599 0.180073
0 0.282451 0.635392 0.0760771 0.0955213
0 0.909322 0.468314 0.0803901 0.103862
1 0.847215 0.1132 0.0932934 0.111558
0 0.815277 0.575397 0.0864281 0.0953743
0 0.10609 0.390894 0.0850514 0.101055
0 0.894062 0.942379 0.10583 0.113978
0 0.206782 0.403951 0.0760621 0.0912574
0 0.453376 0.54032 0.0798994 0.09206
0 0.362694 0.758066 0.0742105 0.0893891
0 0.362889 0.643971 0.077836 0.0889333
0 0.565385 0.21131 0.0672667 0.0813823
0 0.201058 0.626718 0.0860038 0.108622
0 0.0307044 0.496333 0.061404 0.110081
1 0.460321 0.0800062 0.069323 0.0820846
0 0.82289 0.461702 0.0818725 0.106169
0 0.380379 0.305544 0.0719935 0.0940953
0 0.904208 0.715517 0.105201 0.121944
0 0.970827 0.83816 0.0583384 0.127186
0 0.557599 0.315715 0.0736303 0.0911215
0 0.171633 0.873421 0.0829152 0.0972529
0 0.545701 0.670561 0.0699779 0.0811323
0 0.368806 0.527312 0.0767008 0.0909101
0 0.029067 0.614886 0.058134 0.089644
0 0.729064 0.338699 0.0639972 0.0857681
0 0.902616 0.252017 0.0596587 0.0735299
0 0.0908531 0.856625 0.0725369 0.0784771
0 0.445968 0.890694 0.0657724 0.0769142
1 0.191344 0.0433204 0.0620767 0.0856165
0 0.650417 0.325825 0.0703625 0.0883428
0 0.477576 0.201273 0.0575928 0.0800395
0 0.72072 0.685745 0.0613321 0.0689535
1 0.329649 0.0689999 0.0596019 0.0739172
1 0.202207 0.73658 0.0572611 0.0879194
0 0.0746825 0.971214 0.0837257 0.0569066
0 0.132694 0.164507 0.0650986 0.0785353
0 0.0238361 0.728351 0.0476721 0.0970751
1 0.700126 0.892213 0.0581333 0.0776316
1 0.899396 0.585235 0.0650322 0.0874588
0 0.349942 0.973845 0.0723715 0.0520701
0 0.97663 0.36599 0.0466388 0.0745299
0 0.97307 0.715194 0.0518536 0.0736198
0 0.975755 0.593696 0.0484903 0.115338
1 0.587271 0.0917804 0.0643059 0.0856322
1 0.279565 0.74713 0.0507362 0.0660183
1 0.78623 0.792792 0.0594815 0.0650113
0 0.97956 0.248599 0.0408537 0.0988055
1 0.359426 0.876661 0.0524943 0.062356
1 0.790471 0.69332 0.0593301 0.0751439
0 0.388542 0.190701 0.0616266 0.0832268
1 0.378185 0.417611 0.0627036 0.0760242
1 0.140431 0.291717 0.0668551 0.0788703
1 0.784959 0.91364 0.0467293 0.0562263
1 0.54324 0.438825 0.0620548 0.068533
1 0.712425 0.789708 0.0607432 0.0764994
0 0.806234 0.232876 0.0433536 0.0567119
0 0.266208 0.97952 0.0513209 0.0404377
1 0.533415 0.765444 0.0575598 0.0685887
1 0.620732 0.782768 0.0479506 0.0597412
0 0.466191 0.437228 0.05315 0.0661695
0 0.646877 0.217518 0.0456566 0.0636682
1 0.868879 0.818029 0.055399 0.0684793
1 0.0635117 0.0390384 0.0524061 0.0683686
0 0.109812 0.619065 0.0556417 0.0718649
0 0.626419 0.578282 0.0432266 0.0554838
1 0.225246 0.298647 0.0614612 0.0792702
1 0.0565247 0.286604 0.0502263 0.0602802
1 0.273405 0.848747 0.0670506 0.0747371
0 0.0143806 0.961065 0.0285535 0.0754058
0 0.472576 0.323513 0.0515362 0.0684101
1 0.0643054 0.172999 0.0558908 0.0645826
1 0.304467 0.312374 0.050308 0.0642144
1 0.123103 0.510501 0.0706499 0.0711927
1 0.317851 0.199362 0.0690443 0.0869809
1 0.122965 0.736621 0.0554704 0.0725491
1 0.525116 0.892133 0.0687613 0.0759698
1 0.885813 0.362664 0.0500488 0.0625835
1 0.302676 0.416502 0.0529527 0.0710353
1 0.464223 0.650253 0.0533716 0.063591
1 0.62032 0.900903 0.0508332 0.0619901
1 0.207799 0.520544 0.0582874 0.0753093
1 0.0332523 0.390308 0.0551711 0.0771154
0 0.0216818 0.842185 0.0431274 0.0601965
1 0.189763 0.965854 0.0479336 0.0550008
0 0.207749 0.519482 0.0591932 0.0744503
1 0.294202 0.521078 0.0465531 0.0593542
1 0.972635 0.487298 0.0372774 0.0495444
1 0.452144 0.766085 0.0407797 0.0475467
1 0.721818 0.0930978 0.140599 0.180073
0 0.282451 0.635392 0.0760771 0.0955213
0 0.909322 0.468314 0.0803901 0.103862
1 0.847215 0.1132 0.0932934 0.111558
0 0.815277 0.575397 0.0864281 0.0953743
0 0.10609 0.390894 0.0850514 0.101055
0 0.894062 0.942379 0.10583 0.113978
0 0.206782 0.403951 0.0760621 0.0912574
0 0.453376 0.54032 0.0798994 0.09206
0 0.362694 0.758066 0.0742105 0.0893891
0 0.362889 0.643971 0.077836 0.0889333
0 0.565385 0.21131 0.0672667 0.0813823
0 0.201058 0.626718 0.0860038 0.108622
0 0.0307044 0.496333 0.061404 0.110081
1 0.460321 0.0800062 0.069323 0.0820846
0 0.82289 0.461702 0.0818725 0.106169
0 0.380379 0.305544 0.0719935 0.0940953
0 0.904208 0.715517 0.105201 0.121944
0 0.970827 0.83816 0.0583384 0.127186
0 0.557599 0.315715 0.0736303 0.0911215
0 0.171633 0.873421 0.0829152 0.0972529
0 0.545701 0.670561 0.0699779 0.0811323
0 0.368806 0.527312 0.0767008 0.0909101
0 0.029067 0.614886 0.058134 0.089644
0 0.729064 0.338699 0.0639972 0.0857681
0 0.902616 0.252017 0.0596587 0.0735299
0 0.0908531 0.856625 0.0725369 0.0784771
0 0.445968 0.890694 0.0657724 0.0769142
1 0.191344 0.0433204 0.0620767 0.0856165
0 0.650417 0.325825 0.0703625 0.0883428
0 0.477576 0.201273 0.0575928 0.0800395
0 0.72072 0.685745 0.0613321 0.0689535
1 0.329649 0.0689999 0.0596019 0.0739172
1 0.202207 0.73658 0.0572611 0.0879194
0 0.0746825 0.971214 0.0837257 0.0569066
0 0.132694 0.164507 0.0650986 0.0785353
0 0.0238361 0.728351 0.0476721 0.0970751
1 0.700126 0.892213 0.0581333 0.0776316
1 0.899396 0.585235 0.0650322 0.0874588
0 0.349942 0.973845 0.0723715 0.0520701
0 0.97663 0.36599 0.0466388 0.0745299
0 0.97307 0.715194 0.0518536 0.0736198
0 0.975755 0.593696 0.0484903 0.115338
1 0.587271 0.0917804 0.0643059 0.0856322
1 0.279565 0.74713 0.0507362 0.0660183
1 0.78623 0.792792 0.0594815 0.0650113
0 0.97956 0.248599 0.0408537 0.0988055
1 0.359426 0.876661 0.0524943 0.062356
1 0.790471 0.69332 0.0593301 0.0751439
0 0.388542 0.190701 0.0616266 0.0832268
1 0.378185 0.417611 0.0627036 0.0760242
1 0.140431 0.291717 0.0668551 0.0788703
1 0.784959 0.91364 0.0467293 0.0562263
1 0.54324 0.438825 0.0620548 0.068533
1 0.712425 0.789708 0.0607432 0.0764994
0 0.806234 0.232876 0.0433536 0.0567119
0 0.266208 0.97952 0.0513209 0.0404377
1 0.533415 0.765444 0.0575598 0.0685887
1 0.620732 0.782768 0.0479506 0.0597412
0 0.466191 0.437228 0.05315 0.0661695
0 0.646877 0.217518 0.0456566 0.0636682
1 0.868879 0.818029 0.055399 0.0684793
1 0.0635117 0.0390384 0.0524061 0.0683686
0 0.109812 0.619065 0.0556417 0.0718649
0 0.626419 0.578282 0.0432266 0.0554838
1 0.225246 0.298647 0.0614612 0.0792702
1 0.0565247 0.286604 0.0502263 0.0602802
1 0.273405 0.848747 0.0670506 0.0747371
0 0.0143806 0.961065 0.0285535 0.0754058
0 0.472576 0.323513 0.0515362 0.0684101
1 0.0643054 0.172999 0.0558908 0.0645826
1 0.304467 0.312374 0.050308 0.0642144
1 0.123103 0.510501 0.0706499 0.0711927
1 0.317851 0.199362 0.0690443 0.0869809
1 0.122965 0.736621 0.0554704 0.0725491
1 0.525116 0.892133 0.0687613 0.0759698
1 0.885813 0.362664 0.0500488 0.0625835
1 0.302676 0.416502 0.0529527 0.0710353
1 0.464223 0.650253 0.0533716 0.063591
1 0.62032 0.900903 0.0508332 0.0619901
1 0.207799 0.520544 0.0582874 0.0753093
1 0.0332523 0.390308 0.0551711 0.0771154
0 0.0216818 0.842185 0.0431274 0.0601965
1 0.189763 0.965854 0.0479336 0.0550008
0 0.207749 0.519482 0.0591932 0.0744503
1 0.294202 0.521078 0.0465531 0.0593542
1 0.972635 0.487298 0.0372774 0.0495444
1 0.452144 0.766085 0.0407797 0.0475467
