0 0.484119 0.139072 0.100204 0.133647
0 0.844714 0.653501 0.100221 0.124601
0 0.116269 0.534599 0.094412 0.110976
0 0.492554 0.473411 0.105291 0.143791
0 0.355563 0.954866 0.103113 0.0902686
0 0.960701 0.338243 0.0782503 0.129785
0 0.116431 0.397141 0.0954272 0.108986
0 0.238371 0.302962 0.0852221 0.101265
0 0.225408 0.636023 0.11538 0.139032
0 0.856167 0.489914 0.0978485 0.121692
0 0.723382 0.808604 0.0976498 0.123809
0 0.725962 0.645401 0.0991993 0.127905
0 0.846267 0.813661 0.106538 0.132083
0 0.610573 0.481545 0.103342 0.122664
0 0.960363 0.651328 0.0780285 0.114319
0 0.0336217 0.128419 0.0672435 0.0957926
0 0.114893 0.258838 0.0944311 0.10697
0 0.493468 0.312056 0.0839579 0.10726
0 0.598459 0.805119 0.111533 0.138618
0 0.365913 0.130539 0.0968614 0.132799
0 0.0964798 0.805445 0.112352 0.128343
0 0.234026 0.13963 0.0903248 0.10975
0 0.743477 0.319882 0.102346 0.128165
0 0.225752 0.458689 0.101309 0.122169
0 0.618359 0.64037 0.0891944 0.107696
0 0.0282105 0.244659 0.0562558 0.114961
0 0.361019 0.627297 0.0901925 0.108332
0 0.471585 0.958788 0.114904 0.0824236
0 0.47699 0.814882 0.087759 0.10659
0 0.960766 0.961531 0.0784675 0.0769383
0 0.962159 0.815457 0.0721519 0.0987635
0 0.37468 0.304354 0.0927591 0.112572
0 0.968553 0.148465 0.0628933 0.143261
0 0.968571 0.503049 0.0628576 0.125423
0 0.024599 0.524177 0.0491981 0.101617
0 0.112901 0.957939 0.0980949 0.0836406
0 0.37196 0.478719 0.0846732 0.102194
0 0.856192 0.333929 0.0862495 0.1061
0 0.845808 0.958337 0.102507 0.0829721
0 0.744194 0.490154 0.0976931 0.119817
0 0.595672 0.957639 0.113457 0.0836821
0 0.363822 0.801242 0.0758573 0.0949901
0 0.723752 0.957813 0.10796 0.0836989
0 0.0245282 0.38718 0.0490565 0.11503
0 0.0303072 0.656833 0.0604625 0.117046
1 0.600436 0.321217 0.0874481 0.103604
0 0.959221 0.0280229 0.0636606 0.0558747
0 0.129048 0.132894 0.0541247 0.0626583
0 0.0151901 0.804856 0.0303665 0.130191
0 0.0200564 0.938965 0.0401128 0.117947
0 0.757567 0.0265299 0.111606 0.0528537
0 0.0195443 0.657218 0.0390887 0.116278
0 0.505496 0.0185528 0.0686907 0.0368484
0 0.251635 0.0209764 0.0941339 0.0416814
0 0.484119 0.139072 0.100204 0.133647
0 0.844714 0.653501 0.100221 0.124601
0 0.116269 0.534599 0.094412 0.110976
0 0.492554 0.473411 0.105291 0.143791
0 0.355563 0.954866 0.103113 0.0902686
0 0.960701 0.338243 0.0782503 0.129785
0 0.116431 0.397141 0.0954272 0.108986
0 0.238371 0.302962 0.0852221 0.101265
0 0.225408 0.636023 0.11538 0.139032
0 0.856167 0.489914 0.0978485 0.121692
0 0.723382 0.808604 0.0976498 0.123809
0 0.725962 0.645401 0.0991993 0.127905
0 0.846267 0.813661 0.106538 0.132083
0 0.610573 0.481545 0.103342 0.122664
0 0.960363 0.651328 0.0780285 0.114319
0 0.0336217 0.128419 0.0672435 0.0957926
0 0.114893 0.258838 0.0944311 0.10697
0 0.493468 0.312056 0.0839579 0.10726
0 0.598459 0.805119 0.111533 0.138618
0 0.365913 0.130539 0.0968614 0.132799
0 0.0964798 0.805445 0.112352 0.128343
0 0.234026 0.13963 0.0903248 0.10975
0 0.743477 0.319882 0.102346 0.128165
0 0.225752 0.458689 0.101309 0.122169
0 0.618359 0.64037 0.0891944 0.107696
0 0.0282105 0.244659 0.0562558 0.114961
0 0.361019 0.627297 0.0901925 0.108332
0 0.471585 0.958788 0.114904 0.0824236
0 0.47699 0.814882 0.087759 0.10659
0 0.960766 0.961531 0.0784675 0.0769383
0 0.962159 0.815457 0.0721519 0.0987635
0 0.37468 0.304354 0.0927591 0.112572
0 0.968553 0.148465 0.0628933 0.143261
0 0.968571 0.503049 0.0628576 0.125423
0 0.024599 0.524177 0.0491981 0.101617
0 0.112901 0.957939 0.0980949 0.0836406
0 0.37196 0.478719 0.0846732 0.102194
0 0.856192 0.333929 0.0862495 0.1061
0 0.845808 0.958337 0.102507 0.0829721
0 0.744194 0.490154 0.0976931 0.119817
0 0.595672 0.957639 0.113457 0.0836821
0 0.363822 0.801242 0.0758573 0.0949901
0 0.723752 0.957813 0.10796 0.0836989
0 0.0245282 0.38718 0.0490565 0.11503
0 0.0303072 0.656833 0.0604625 0.117046
1 0.600436 0.321217 0.0874481 0.103604
0 0.959221 0.0280229 0.0636606 0.0558747
0 0.129048 0.132894 0.0541247 0.0626583
0 0.0151901 0.804856 0.0303665 0.130191
0 0.0200564 0.938965 0.0401128 0.117947
0 0.757567 0.0265299 0.111606 0.0528537
0 0.0195443 0.657218 0.0390887 0.116278
0 0.505496 0.0185528 0.0686907 0.0368484
0 0.251635 0.0209764 0.0941339 0.0416814
