0 0.912213 0.821608 0.072348 0.0865921
0 0.9152 0.706563 0.0770473 0.0968165
0 0.157361 0.065926 0.0711767 0.0872101
0 0.154541 0.180667 0.0661271 0.0837633
0 0.409021 0.19639 0.0774051 0.0968464
0 0.580716 0.326828 0.0724072 0.0846683
0 0.830209 0.82207 0.077866 0.0966379
0 0.5882 0.0961462 0.0720115 0.0960043
0 0.745291 0.696394 0.0691736 0.0803134
0 0.22416 0.762643 0.0753312 0.0882314
0 0.929951 0.35584 0.0748903 0.0963002
0 0.15364 0.413446 0.0734973 0.0832197
0 0.326026 0.0697622 0.0720965 0.0940067
0 0.29838 0.887886 0.0800905 0.101064
0 0.837741 0.705663 0.0708576 0.0891998
0 0.922898 0.598314 0.0647881 0.0855539
0 0.41352 0.0740027 0.0805656 0.105158
0 0.577436 0.44357 0.0749931 0.0905425
0 0.583071 0.210892 0.0707058 0.0938549
0 0.32388 0.192649 0.0596369 0.072342
0 0.401483 0.428137 0.0663271 0.0790182
0 0.489478 0.431875 0.0741844 0.0914411
0 0.390555 0.660529 0.0687545 0.0781685
0 0.392737 0.772161 0.0670288 0.0788244
0 0.9337 0.23539 0.0726254 0.0943057
0 0.500816 0.0856456 0.0780921 0.103511
0 0.0652725 0.293997 0.0661016 0.077029
0 0.0673283 0.405026 0.0773406 0.0883449
0 0.223886 0.645431 0.076582 0.0913756
0 0.843137 0.229658 0.0650458 0.0753566
0 0.497951 0.200653 0.0746193 0.0956891
0 0.125544 0.865073 0.0697922 0.0878255
0 0.243532 0.182005 0.0705176 0.0898973
0 0.820801 0.929309 0.0735575 0.088703
0 0.20769 0.882592 0.0733239 0.0879472
0 0.0573224 0.625722 0.0610982 0.0716952
0 0.939223 0.11833 0.0695926 0.0951058
0 0.482818 0.780764 0.0684775 0.0773804
0 0.481345 0.660973 0.0685049 0.0857863
0 0.833573 0.473364 0.0701733 0.0963845
0 0.387139 0.896583 0.0700794 0.0843583
0 0.764504 0.105377 0.0680353 0.0839841
0 0.654439 0.803766 0.073667 0.0857304
0 0.296584 0.972469 0.07659 0.0549421
0 0.04501 0.85908 0.0744191 0.092123
0 0.921565 0.474791 0.067767 0.089806
0 0.66695 0.333409 0.0697636 0.0851718
0 0.65849 0.679952 0.0660819 0.0792966
0 0.235842 0.299644 0.0635596 0.0806595
0 0.570185 0.676498 0.0727615 0.0840225
0 0.0654414 0.740777 0.0630079 0.0725395
0 0.746632 0.467794 0.0718305 0.089529
0 0.248696 0.0762077 0.0607537 0.0749986
0 0.483505 0.553244 0.0719181 0.0920386
0 0.39701 0.544948 0.0656253 0.0792327
0 0.142884 0.518868 0.0768777 0.0867951
0 0.0586571 0.515959 0.0779554 0.0934068
0 0.228324 0.532012 0.0618641 0.0755959
0 0.407315 0.313573 0.0599367 0.0707467
0 0.736414 0.932261 0.0726683 0.0881461
0 0.830449 0.58732 0.0661238 0.0846539
0 0.909497 0.932917 0.0724197 0.0916781
0 0.647955 0.907495 0.0612543 0.0712496
0 0.850205 0.118321 0.070681 0.0931974
0 0.136996 0.635293 0.0727151 0.0852974
0 0.0779705 0.174634 0.0549054 0.0756257
0 0.673436 0.217592 0.0664583 0.083543
0 0.675037 0.104417 0.0622917 0.0828407
0 0.837751 0.347752 0.0705773 0.0849205
0 0.309652 0.652009 0.062503 0.0763092
0 0.321765 0.304312 0.0615108 0.0740519
0 0.235825 0.417088 0.0658989 0.0838296
0 0.315827 0.537577 0.0610729 0.0743768
0 0.661587 0.451033 0.0565515 0.0726777
0 0.15465 0.297055 0.0600105 0.0756361
0 0.049726 0.965671 0.0550931 0.0651105
0 0.981563 0.944194 0.0368742 0.0980498
0 0.203997 0.968642 0.0788745 0.0620824
0 0.982851 0.71162 0.0342977 0.0943266
0 0.0757066 0.0534453 0.0635902 0.0804684
0 0.314082 0.767588 0.0587413 0.0750552
0 0.737152 0.8072 0.0528084 0.0651797
0 0.470162 0.897331 0.0559684 0.069604
0 0.319091 0.427218 0.0490899 0.0622805
0 0.136894 0.970202 0.0564768 0.0590951
0 0.753599 0.224512 0.046065 0.0608893
0 0.764781 0.0251548 0.0673506 0.0501671
0 0.568136 0.791849 0.0503322 0.0644081
0 0.941915 0.0255763 0.0832535 0.0509446
0 0.843113 0.0248202 0.0567955 0.0492409
0 0.14304 0.739328 0.0436805 0.0522568
0 0.659793 0.570629 0.0487934 0.0600161
0 0.987051 0.596862 0.0257291 0.0800774
0 0.0132884 0.0502297 0.0263116 0.0928034
0 0.55992 0.890923 0.0519709 0.0604351
0 0.0150089 0.177109 0.0297322 0.0860936
0 0.570198 0.553564 0.0476242 0.0564951
0 0.74996 0.352619 0.0402818 0.0540326
0 0.679023 0.0150931 0.070359 0.0301862
0 0.49432 0.330582 0.0411127 0.0493309
0 0.470519 0.984168 0.067275 0.0316643
0 0.737452 0.573281 0.0387506 0.0459594
0 0.554294 0.984471 0.0683437 0.0308749
0 0.38721 0.986766 0.057943 0.0264685
0 0.989741 0.363251 0.0205187 0.0978729
0 0.912213 0.821608 0.072348 0.0865921
0 0.9152 0.706563 0.0770473 0.0968165
0 0.157361 0.065926 0.0711767 0.0872101
0 0.154541 0.180667 0.0661271 0.0837633
0 0.409021 0.19639 0.0774051 0.0968464
0 0.580716 0.326828 0.0724072 0.0846683
0 0.830209 0.82207 0.077866 0.0966379
0 0.5882 0.0961462 0.0720115 0.0960043
0 0.745291 0.696394 0.0691736 0.0803134
0 0.22416 0.762643 0.0753312 0.0882314
0 0.929951 0.35584 0.0748903 0.0963002
0 0.15364 0.413446 0.0734973 0.0832197
0 0.326026 0.0697622 0.0720965 0.0940067
0 0.29838 0.887886 0.0800905 0.101064
0 0.837741 0.705663 0.0708576 0.0891998
0 0.922898 0.598314 0.0647881 0.0855539
0 0.41352 0.0740027 0.0805656 0.105158
0 0.577436 0.44357 0.0749931 0.0905425
0 0.583071 0.210892 0.0707058 0.0938549
0 0.32388 0.192649 0.0596369 0.072342
0 0.401483 0.428137 0.0663271 0.0790182
0 0.489478 0.431875 0.0741844 0.0914411
0 0.390555 0.660529 0.0687545 0.0781685
0 0.392737 0.772161 0.0670288 0.0788244
0 0.9337 0.23539 0.0726254 0.0943057
0 0.500816 0.0856456 0.0780921 0.103511
0 0.0652725 0.293997 0.0661016 0.077029
0 0.0673283 0.405026 0.0773406 0.0883449
0 0.223886 0.645431 0.076582 0.0913756
0 0.843137 0.229658 0.0650458 0.0753566
0 0.497951 0.200653 0.0746193 0.0956891
0 0.125544 0.865073 0.0697922 0.0878255
0 0.243532 0.182005 0.0705176 0.0898973
0 0.820801 0.929309 0.0735575 0.088703
0 0.20769 0.882592 0.0733239 0.0879472
0 0.0573224 0.625722 0.0610982 0.0716952
0 0.939223 0.11833 0.0695926 0.0951058
0 0.482818 0.780764 0.0684775 0.0773804
0 0.481345 0.660973 0.0685049 0.0857863
0 0.833573 0.473364 0.0701733 0.0963845
0 0.387139 0.896583 0.0700794 0.0843583
0 0.764504 0.105377 0.0680353 0.0839841
0 0.654439 0.803766 0.073667 0.0857304
0 0.296584 0.972469 0.07659 0.0549421
0 0.04501 0.85908 0.0744191 0.092123
0 0.921565 0.474791 0.067767 0.089806
0 0.66695 0.333409 0.0697636 0.0851718
0 0.65849 0.679952 0.0660819 0.0792966
0 0.235842 0.299644 0.0635596 0.0806595
0 0.570185 0.676498 0.0727615 0.0840225
0 0.0654414 0.740777 0.0630079 0.0725395
0 0.746632 0.467794 0.0718305 0.089529
0 0.248696 0.0762077 0.0607537 0.0749986
0 0.483505 0.553244 0.0719181 0.0920386
0 0.39701 0.544948 0.0656253 0.0792327
0 0.142884 0.518868 0.0768777 0.0867951
0 0.0586571 0.515959 0.0779554 0.0934068
0 0.228324 0.532012 0.0618641 0.0755959
0 0.407315 0.313573 0.0599367 0.0707467
0 0.736414 0.932261 0.0726683 0.0881461
0 0.830449 0.58732 0.0661238 0.0846539
0 0.909497 0.932917 0.0724197 0.0916781
0 0.647955 0.907495 0.0612543 0.0712496
0 0.850205 0.118321 0.070681 0.0931974
0 0.136996 0.635293 0.0727151 0.0852974
0 0.0779705 0.174634 0.0549054 0.0756257
0 0.673436 0.217592 0.0664583 0.083543
0 0.675037 0.104417 0.0622917 0.0828407
0 0.837751 0.347752 0.0705773 0.0849205
0 0.309652 0.652009 0.062503 0.0763092
0 0.321765 0.304312 0.0615108 0.0740519
0 0.235825 0.417088 0.0658989 0.0838296
0 0.315827 0.537577 0.0610729 0.0743768
0 0.661587 0.451033 0.0565515 0.0726777
0 0.15465 0.297055 0.0600105 0.0756361
0 0.049726 0.965671 0.0550931 0.0651105
0 0.981563 0.944194 0.0368742 0.0980498
0 0.203997 0.968642 0.0788745 0.0620824
0 0.982851 0.71162 0.0342977 0.0943266
0 0.0757066 0.0534453 0.0635902 0.0804684
0 0.314082 0.767588 0.0587413 0.0750552
0 0.737152 0.8072 0.0528084 0.0651797
0 0.470162 0.897331 0.0559684 0.069604
0 0.319091 0.427218 0.0490899 0.0622805
0 0.136894 0.970202 0.0564768 0.0590951
0 0.753599 0.224512 0.046065 0.0608893
0 0.764781 0.0251548 0.0673506 0.0501671
0 0.568136 0.791849 0.0503322 0.0644081
0 0.941915 0.0255763 0.0832535 0.0509446
0 0.843113 0.0248202 0.0567955 0.0492409
0 0.14304 0.739328 0.0436805 0.0522568
0 0.659793 0.570629 0.0487934 0.0600161
0 0.987051 0.596862 0.0257291 0.0800774
0 0.0132884 0.0502297 0.0263116 0.0928034
0 0.55992 0.890923 0.0519709 0.0604351
0 0.0150089 0.177109 0.0297322 0.0860936
0 0.570198 0.553564 0.0476242 0.0564951
0 0.74996 0.352619 0.0402818 0.0540326
0 0.679023 0.0150931 0.070359 0.0301862
0 0.49432 0.330582 0.0411127 0.0493309
0 0.470519 0.984168 0.067275 0.0316643
0 0.737452 0.573281 0.0387506 0.0459594
0 0.554294 0.984471 0.0683437 0.0308749
0 0.38721 0.986766 0.057943 0.0264685
0 0.989741 0.363251 0.0205187 0.0978729
