0 0.669141 0.668356 0.0763401 0.0921293
0 0.933335 0.454995 0.0773274 0.0912211
0 0.133433 0.864546 0.0764226 0.102302
0 0.159441 0.389975 0.0769321 0.0891394
0 0.583594 0.543667 0.063564 0.0756141
0 0.850453 0.223756 0.0722844 0.0858945
0 0.754756 0.680513 0.0771085 0.0972783
0 0.579103 0.663588 0.0656484 0.0852308
0 0.67617 0.434802 0.0718033 0.0828778
0 0.255591 0.0638523 0.0711409 0.0876601
0 0.31883 0.639333 0.07141 0.0918246
0 0.762004 0.327406 0.0714301 0.0837585
0 0.933506 0.342083 0.0754083 0.0952519
0 0.849304 0.334512 0.0748392 0.0915435
0 0.661137 0.902874 0.0748495 0.0933388
0 0.918706 0.578405 0.0702452 0.0873957
0 0.318051 0.752427 0.0660479 0.0863233
0 0.576044 0.892145 0.0726851 0.0904559
0 0.834632 0.792498 0.0663092 0.0792218
0 0.844389 0.563822 0.078265 0.0952578
0 0.925032 0.689508 0.071 0.0855795
0 0.407167 0.759644 0.0744339 0.0864204
0 0.915775 0.92107 0.0683542 0.0815295
0 0.672519 0.553594 0.0728579 0.0890559
0 0.50009 0.656994 0.0587617 0.0711132
0 0.488996 0.881794 0.068898 0.0865046
0 0.428591 0.0740859 0.0760465 0.0863101
0 0.76459 0.103336 0.0638439 0.0817164
0 0.93486 0.232292 0.0709362 0.0843054
0 0.683279 0.0980045 0.06672 0.0808972
0 0.135637 0.965483 0.0748026 0.0685674
0 0.662205 0.783151 0.0690295 0.0813342
0 0.0531656 0.84795 0.070217 0.0883616
0 0.425323 0.190257 0.0714644 0.0841362
0 0.839227 0.679045 0.0606175 0.0711082
0 0.163593 0.274967 0.0777174 0.102203
0 0.761794 0.44397 0.0632423 0.0748286
0 0.401184 0.880781 0.0683315 0.0870201
0 0.764001 0.220828 0.0683735 0.0782275
0 0.836286 0.914575 0.076033 0.0901058
0 0.152194 0.623886 0.0711264 0.0905382
0 0.588281 0.319059 0.0560427 0.0710221
0 0.672274 0.323023 0.0592733 0.0636952
0 0.674607 0.217463 0.0646759 0.0722468
0 0.918468 0.805356 0.0602585 0.0709682
0 0.512877 0.0909862 0.061982 0.0771724
0 0.309206 0.971757 0.0707509 0.0560955
0 0.230189 0.745847 0.0603974 0.0731293
0 0.930038 0.124592 0.0595568 0.0682765
0 0.0583421 0.504717 0.0727232 0.0879725
0 0.416893 0.414372 0.0647105 0.0733568
0 0.50206 0.313144 0.0597515 0.0725086
0 0.410488 0.64758 0.0702972 0.0848561
0 0.416652 0.301207 0.059933 0.0768527
0 0.983536 0.919567 0.0329282 0.0852232
0 0.226735 0.867326 0.0577802 0.0760906
0 0.152123 0.509404 0.0690262 0.0834685
0 0.0800082 0.266823 0.0660559 0.0822969
0 0.734181 0.892691 0.0545593 0.0655546
0 0.254735 0.176149 0.0671471 0.0827814
0 0.236843 0.631411 0.062699 0.0802037
0 0.0670426 0.61934 0.062849 0.0781225
0 0.838937 0.451525 0.057214 0.0660125
0 0.581907 0.422847 0.0616612 0.076227
0 0.939784 0.0245972 0.0666921 0.048807
0 0.853108 0.0222101 0.0743289 0.0441196
0 0.0872943 0.1593 0.0586114 0.0694104
0 0.57514 0.771683 0.0643364 0.075056
0 0.505514 0.423885 0.0532671 0.0653602
0 0.509905 0.202195 0.0597576 0.0727258
0 0.0626341 0.729698 0.0586438 0.0684982
0 0.242355 0.513783 0.0694314 0.0839997
0 0.498955 0.534237 0.0526047 0.0694924
0 0.592092 0.215432 0.0386375 0.0444369
0 0.338981 0.0729762 0.0577351 0.0754898
0 0.145952 0.73723 0.0601486 0.0740275
0 0.413094 0.533802 0.0607775 0.0685279
0 0.754658 0.55855 0.0555385 0.0696141
0 0.74368 0.787877 0.0442983 0.0595459
0 0.567876 0.979961 0.0677988 0.0400201
0 0.985334 0.690411 0.0289775 0.0927474
0 0.768783 0.0196234 0.064902 0.0387761
0 0.680883 0.0151962 0.0502944 0.0302525
0 0.985699 0.579386 0.0284829 0.0986089
0 0.842093 0.118067 0.0407114 0.0491083
0 0.0504002 0.965979 0.048571 0.0626503
0 0.401764 0.979614 0.0610686 0.0406873
0 0.228842 0.980489 0.051715 0.0383949
0 0.0139015 0.267252 0.0274398 0.0737388
0 0.593251 0.102363 0.0378974 0.0505986
0 0.984918 0.800978 0.0301648 0.078452
0 0.74091 0.986108 0.0630173 0.0277839
0 0.489968 0.981512 0.0464388 0.0369578
0 0.991378 0.230368 0.0172445 0.0937308
0 0.98974 0.45476 0.0205201 0.100067
0 0.00977304 0.50371 0.0195138 0.104263
0 0.00872924 0.618267 0.0174585 0.0758937
0 0.990762 0.346448 0.0184762 0.0851658
0 0.653721 0.990316 0.0505418 0.0193678
1 0.0117957 0.388767 0.0235015 0.0434293
0 0.510978 0.00870698 0.0639627 0.017414
0 0.669141 0.668356 0.0763401 0.0921293
0 0.933335 0.454995 0.0773274 0.0912211
0 0.133433 0.864546 0.0764226 0.102302
0 0.159441 0.389975 0.0769321 0.0891394
0 0.583594 0.543667 0.063564 0.0756141
0 0.850453 0.223756 0.0722844 0.0858945
0 0.754756 0.680513 0.0771085 0.0972783
0 0.579103 0.663588 0.0656484 0.0852308
0 0.67617 0.434802 0.0718033 0.0828778
0 0.255591 0.0638523 0.0711409 0.0876601
0 0.31883 0.639333 0.07141 0.0918246
0 0.762004 0.327406 0.0714301 0.0837585
0 0.933506 0.342083 0.0754083 0.0952519
0 0.849304 0.334512 0.0748392 0.0915435
0 0.661137 0.902874 0.0748495 0.0933388
0 0.918706 0.578405 0.0702452 0.0873957
0 0.318051 0.752427 0.0660479 0.0863233
0 0.576044 0.892145 0.0726851 0.0904559
0 0.834632 0.792498 0.0663092 0.0792218
0 0.844389 0.563822 0.078265 0.0952578
0 0.925032 0.689508 0.071 0.0855795
0 0.407167 0.759644 0.0744339 0.0864204
0 0.915775 0.92107 0.0683542 0.0815295
0 0.672519 0.553594 0.0728579 0.0890559
0 0.50009 0.656994 0.0587617 0.0711132
0 0.488996 0.881794 0.068898 0.0865046
0 0.428591 0.0740859 0.0760465 0.0863101
0 0.76459 0.103336 0.0638439 0.0817164
0 0.93486 0.232292 0.0709362 0.0843054
0 0.683279 0.0980045 0.06672 0.0808972
0 0.135637 0.965483 0.0748026 0.0685674
0 0.662205 0.783151 0.0690295 0.0813342
0 0.0531656 0.84795 0.070217 0.0883616
0 0.425323 0.190257 0.0714644 0.0841362
0 0.839227 0.679045 0.0606175 0.0711082
0 0.163593 0.274967 0.0777174 0.102203
0 0.761794 0.44397 0.0632423 0.0748286
0 0.401184 0.880781 0.0683315 0.0870201
0 0.764001 0.220828 0.0683735 0.0782275
0 0.836286 0.914575 0.076033 0.0901058
0 0.152194 0.623886 0.0711264 0.0905382
0 0.588281 0.319059 0.0560427 0.0710221
0 0.672274 0.323023 0.0592733 0.0636952
0 0.674607 0.217463 0.0646759 0.0722468
0 0.918468 0.805356 0.0602585 0.0709682
0 0.512877 0.0909862 0.061982 0.0771724
0 0.309206 0.971757 0.0707509 0.0560955
0 0.230189 0.745847 0.0603974 0.0731293
0 0.930038 0.124592 0.0595568 0.0682765
0 0.0583421 0.504717 0.0727232 0.0879725
0 0.416893 0.414372 0.0647105 0.0733568
0 0.50206 0.313144 0.0597515 0.0725086
0 0.410488 0.64758 0.0702972 0.0848561
0 0.416652 0.301207 0.059933 0.0768527
0 0.983536 0.919567 0.0329282 0.0852232
0 0.226735 0.867326 0.0577802 0.0760906
0 0.152123 0.509404 0.0690262 0.0834685
0 0.0800082 0.266823 0.0660559 0.0822969
0 0.734181 0.892691 0.0545593 0.0655546
0 0.254735 0.176149 0.0671471 0.0827814
0 0.236843 0.631411 0.062699 0.0802037
0 0.0670426 0.61934 0.062849 0.0781225
0 0.838937 0.451525 0.057214 0.0660125
0 0.581907 0.422847 0.0616612 0.076227
0 0.939784 0.0245972 0.0666921 0.048807
0 0.853108 0.0222101 0.0743289 0.0441196
0 0.0872943 0.1593 0.0586114 0.0694104
0 0.57514 0.771683 0.0643364 0.075056
0 0.505514 0.423885 0.0532671 0.0653602
0 0.509905 0.202195 0.0597576 0.0727258
0 0.0626341 0.729698 0.0586438 0.0684982
0 0.242355 0.513783 0.0694314 0.0839997
0 0.498955 0.534237 0.0526047 0.0694924
0 0.592092 0.215432 0.0386375 0.0444369
0 0.338981 0.0729762 0.0577351 0.0754898
0 0.145952 0.73723 0.0601486 0.0740275
0 0.413094 0.533802 0.0607775 0.0685279
0 0.754658 0.55855 0.0555385 0.0696141
0 0.74368 0.787877 0.0442983 0.0595459
0 0.567876 0.979961 0.0677988 0.0400201
0 0.985334 0.690411 0.0289775 0.0927474
0 0.768783 0.0196234 0.064902 0.0387761
0 0.680883 0.0151962 0.0502944 0.0302525
0 0.985699 0.579386 0.0284829 0.0986089
0 0.842093 0.118067 0.0407114 0.0491083
0 0.0504002 0.965979 0.048571 0.0626503
0 0.401764 0.979614 0.0610686 0.0406873
0 0.228842 0.980489 0.051715 0.0383949
0 0.0139015 0.267252 0.0274398 0.0737388
0 0.593251 0.102363 0.0378974 0.0505986
0 0.984918 0.800978 0.0301648 0.078452
0 0.74091 0.986108 0.0630173 0.0277839
0 0.489968 0.981512 0.0464388 0.0369578
0 0.991378 0.230368 0.0172445 0.0937308
0 0.98974 0.45476 0.0205201 0.100067
0 0.00977304 0.50371 0.0195138 0.104263
0 0.00872924 0.618267 0.0174585 0.0758937
0 0.990762 0.346448 0.0184762 0.0851658
0 0.653721 0.990316 0.0505418 0.0193678
1 0.0117957 0.388767 0.0235015 0.0434293
0 0.510978 0.00870698 0.0639627 0.017414
