0 0.799577 0.374682 0.0760199 0.103849
0 0.953454 0.64543 0.0854147 0.104832
0 0.777571 0.603799 0.0770501 0.0983363
0 0.877257 0.507223 0.0787396 0.099505
0 0.889293 0.38848 0.072139 0.0927469
0 0.272522 0.492235 0.0629094 0.0829827
0 0.316879 0.0382826 0.077585 0.0765263
0 0.936936 0.753433 0.0808307 0.0945898
0 0.862267 0.618531 0.0790016 0.0992656
0 0.133071 0.922067 0.0768758 0.0945694
0 0.431361 0.52848 0.0593792 0.0748786
0 0.640274 0.21561 0.0695873 0.091429
0 0.34929 0.512307 0.0674291 0.0839956
0 0.157317 0.69515 0.0647024 0.0781995
0 0.630482 0.333038 0.0681996 0.0874662
0 0.105629 0.338506 0.0675071 0.0813258
0 0.558542 0.206031 0.0720964 0.0951173
0 0.531556 0.435947 0.0554975 0.0727064
0 0.214206 0.929045 0.0688799 0.0922716
0 0.736593 0.943482 0.0609167 0.0687894
0 0.1519 0.812129 0.062941 0.0739909
0 0.384895 0.972931 0.0576211 0.0532262
0 0.30525 0.148564 0.0652816 0.0816163
0 0.0450017 0.0863688 0.063657 0.072754
0 0.751101 0.832024 0.0630245 0.0755493
0 0.426482 0.640259 0.0680347 0.08227
0 0.256003 0.605548 0.0597583 0.0664988
0 0.486476 0.069882 0.0727041 0.107834
0 0.368616 0.396621 0.0546749 0.0698355
0 0.372248 0.276895 0.0632732 0.0766494
0 0.689332 0.580189 0.0645244 0.084731
0 0.312234 0.847687 0.0635729 0.0720548
0 0.0318667 0.325271 0.0606593 0.0725787
0 0.475324 0.19084 0.0543597 0.0709382
0 0.751966 0.726989 0.0571045 0.0701936
0 0.753483 0.0303549 0.0659616 0.0603563
0 0.241861 0.711352 0.0693443 0.083063
0 0.590382 0.677634 0.0579829 0.0686753
0 0.325611 0.730271 0.0489612 0.0568405
0 0.909818 0.97078 0.0755577 0.0579641
0 0.49498 0.771878 0.0556438 0.0680129
0 0.826597 0.149741 0.0556114 0.0739165
0 0.0896556 0.44755 0.0766267 0.0825612
0 0.784061 0.493376 0.0499588 0.0651495
0 0.484103 0.884015 0.0620342 0.0708293
0 0.405859 0.0543254 0.048035 0.0616848
0 0.909742 0.167989 0.0585146 0.0878069
0 0.0168175 0.549802 0.0335434 0.095973
0 0.976031 0.9745 0.047699 0.050444
0 0.521808 0.552233 0.057046 0.0756442
0 0.831282 0.845643 0.0461109 0.0543955
0 0.668863 0.0162099 0.048996 0.0320656
0 0.64928 0.91745 0.05199 0.0692273
0 0.107948 0.633179 0.0396044 0.0452892
0 0.799577 0.374682 0.0760199 0.103849
0 0.953454 0.64543 0.0854147 0.104832
0 0.777571 0.603799 0.0770501 0.0983363
0 0.877257 0.507223 0.0787396 0.099505
0 0.889293 0.38848 0.072139 0.0927469
0 0.272522 0.492235 0.0629094 0.0829827
0 0.316879 0.0382826 0.077585 0.0765263
0 0.936936 0.753433 0.0808307 0.0945898
0 0.862267 0.618531 0.0790016 0.0992656
0 0.133071 0.922067 0.0768758 0.0945694
0 0.431361 0.52848 0.0593792 0.0748786
0 0.640274 0.21561 0.0695873 0.091429
0 0.34929 0.512307 0.0674291 0.0839956
0 0.157317 0.69515 0.0647024 0.0781995
0 0.630482 0.333038 0.0681996 0.0874662
0 0.105629 0.338506 0.0675071 0.0813258
0 0.558542 0.206031 0.0720964 0.0951173
0 0.531556 0.435947 0.0554975 0.0727064
0 0.214206 0.929045 0.0688799 0.0922716
0 0.736593 0.943482 0.0609167 0.0687894
0 0.1519 0.812129 0.062941 0.0739909
0 0.384895 0.972931 0.0576211 0.0532262
0 0.30525 0.148564 0.0652816 0.0816163
0 0.0450017 0.0863688 0.063657 0.072754
0 0.751101 0.832024 0.0630245 0.0755493
0 0.426482 0.640259 0.0680347 0.08227
0 0.256003 0.605548 0.0597583 0.0664988
0 0.486476 0.069882 0.0727041 0.107834
0 0.368616 0.396621 0.0546749 0.0698355
0 0.372248 0.276895 0.0632732 0.0766494
0 0.689332 0.580189 0.0645244 0.084731
0 0.312234 0.847687 0.0635729 0.0720548
0 0.0318667 0.325271 0.0606593 0.0725787
0 0.475324 0.19084 0.0543597 0.0709382
0 0.751966 0.726989 0.0571045 0.0701936
0 0.753483 0.0303549 0.0659616 0.0603563
0 0.241861 0.711352 0.0693443 0.083063
0 0.590382 0.677634 0.0579829 0.0686753
0 0.325611 0.730271 0.0489612 0.0568405
0 0.909818 0.97078 0.0755577 0.0579641
0 0.49498 0.771878 0.0556438 0.0680129
0 0.826597 0.149741 0.0556114 0.0739165
0 0.0896556 0.44755 0.0766267 0.0825612
0 0.784061 0.493376 0.0499588 0.0651495
0 0.484103 0.884015 0.0620342 0.0708293
0 0.405859 0.0543254 0.048035 0.0616848
0 0.909742 0.167989 0.0585146 0.0878069
0 0.0168175 0.549802 0.0335434 0.095973
0 0.976031 0.9745 0.047699 0.050444
0 0.521808 0.552233 0.057046 0.0756442
0 0.831282 0.845643 0.0461109 0.0543955
0 0.668863 0.0162099 0.048996 0.0320656
0 0.64928 0.91745 0.05199 0.0692273
0 0.107948 0.633179 0.0396044 0.0452892
