0 0.35844 0.343628 0.125842 0.199134
0 0.893751 0.338635 0.118716 0.238377
0 0.725861 0.332765 0.114661 0.246568
0 0.630633 0.354947 0.0828229 0.205232
0 0.501743 0.297966 0.11989 0.259946
0 0.822393 0.363217 0.0663034 0.179746
0 0.303405 0.238738 0.086902 0.133222
0 0.834913 0.367652 0.0602455 0.172642
0 0.35844 0.343628 0.125842 0.199134
0 0.893751 0.338635 0.118716 0.238377
0 0.725861 0.332765 0.114661 0.246568
0 0.630633 0.354947 0.0828229 0.205232
0 0.501743 0.297966 0.11989 0.259946
0 0.822393 0.363217 0.0663034 0.179746
0 0.303405 0.238738 0.086902 0.133222
0 0.834913 0.367652 0.0602455 0.172642
