0 0.545408 0.162983 0.101257 0.123117
0 0.916574 0.525396 0.105389 0.134329
0 0.935988 0.1756 0.111054 0.147458
0 0.804332 0.689723 0.115318 0.13237
0 0.538195 0.504045 0.108906 0.136217
0 0.540375 0.872923 0.129514 0.168424
0 0.247823 0.875508 0.121841 0.157975
0 0.419166 0.317038 0.0971206 0.13537
0 0.534124 0.688571 0.11926 0.159536
0 0.937353 0.703168 0.115242 0.143458
0 0.670541 0.689681 0.123817 0.152469
0 0.391005 0.874005 0.11767 0.158966
0 0.674572 0.885055 0.125319 0.17219
0 0.802386 0.345173 0.0978905 0.122694
0 0.423187 0.151747 0.0917489 0.132422
0 0.813797 0.166181 0.114945 0.148017
0 0.666234 0.507535 0.110937 0.1291
0 0.670816 0.165381 0.110289 0.145046
0 0.407127 0.492925 0.114007 0.153246
0 0.808281 0.884249 0.130526 0.179601
0 0.111515 0.869029 0.124998 0.156953
0 0.934654 0.355083 0.117684 0.136425
0 0.666512 0.349914 0.0939266 0.110464
0 0.542724 0.33158 0.0967831 0.128065
0 0.403369 0.688334 0.126588 0.173689
0 0.926775 0.882969 0.115159 0.157115
0 0.796668 0.523248 0.086109 0.109227
0 0.430172 0.0264976 0.0879631 0.0528127
0 0.0218197 0.85667 0.0434578 0.162147
0 0.549727 0.0266977 0.0875999 0.0532471
0 0.383964 0.982791 0.116371 0.0344181
0 0.248353 0.984373 0.124169 0.0312539
0 0.683398 0.0295867 0.0905052 0.058736
0 0.0185027 0.662379 0.0369742 0.178152
0 0.957084 0.0281428 0.0858319 0.0558777
0 0.110097 0.983886 0.122875 0.0322277
0 0.545408 0.162983 0.101257 0.123117
0 0.916574 0.525396 0.105389 0.134329
0 0.935988 0.1756 0.111054 0.147458
0 0.804332 0.689723 0.115318 0.13237
0 0.538195 0.504045 0.108906 0.136217
0 0.540375 0.872923 0.129514 0.168424
0 0.247823 0.875508 0.121841 0.157975
0 0.419166 0.317038 0.0971206 0.13537
0 0.534124 0.688571 0.11926 0.159536
0 0.937353 0.703168 0.115242 0.143458
0 0.670541 0.689681 0.123817 0.152469
0 0.391005 0.874005 0.11767 0.158966
0 0.674572 0.885055 0.125319 0.17219
0 0.802386 0.345173 0.0978905 0.122694
0 0.423187 0.151747 0.0917489 0.132422
0 0.813797 0.166181 0.114945 0.148017
0 0.666234 0.507535 0.110937 0.1291
0 0.670816 0.165381 0.110289 0.145046
0 0.407127 0.492925 0.114007 0.153246
0 0.808281 0.884249 0.130526 0.179601
0 0.111515 0.869029 0.124998 0.156953
0 0.934654 0.355083 0.117684 0.136425
0 0.666512 0.349914 0.0939266 0.110464
0 0.542724 0.33158 0.0967831 0.128065
0 0.403369 0.688334 0.126588 0.173689
0 0.926775 0.882969 0.115159 0.157115
0 0.796668 0.523248 0.086109 0.109227
0 0.430172 0.0264976 0.0879631 0.0528127
0 0.0218197 0.85667 0.0434578 0.162147
0 0.549727 0.0266977 0.0875999 0.0532471
0 0.383964 0.982791 0.116371 0.0344181
0 0.248353 0.984373 0.124169 0.0312539
0 0.683398 0.0295867 0.0905052 0.058736
0 0.0185027 0.662379 0.0369742 0.178152
0 0.957084 0.0281428 0.0858319 0.0558777
0 0.110097 0.983886 0.122875 0.0322277
