0 0.857534 0.626971 0.0713592 0.0818481
0 0.778462 0.163542 0.0763622 0.0962083
0 0.345484 0.122645 0.0719952 0.0901513
0 0.868432 0.0511295 0.0800083 0.0961477
0 0.694267 0.148907 0.0772926 0.0956916
0 0.691213 0.381642 0.067194 0.0881639
0 0.0592095 0.920425 0.0837518 0.107496
0 0.695953 0.0382667 0.0719488 0.0765334
0 0.672034 0.95748 0.0522325 0.0690847
0 0.414859 0.822917 0.0661299 0.0813151
0 0.604028 0.378155 0.0664074 0.0832301
0 0.942234 0.513412 0.0635432 0.0748015
0 0.503724 0.827123 0.0602574 0.0746986
0 0.596575 0.488309 0.0664236 0.0789573
0 0.437365 0.129884 0.078993 0.0913806
0 0.951208 0.173804 0.0738629 0.0866481
0 0.93815 0.633929 0.0655283 0.077844
0 0.263871 0.123119 0.0684052 0.0813348
0 0.166171 0.337519 0.076158 0.0944654
0 0.518717 0.0363175 0.0677261 0.0724605
0 0.177731 0.111927 0.0727389 0.0964954
0 0.93346 0.740954 0.0606091 0.0745848
0 0.766512 0.49832 0.0617518 0.0727829
0 0.588171 0.839059 0.0527118 0.0593669
0 0.943076 0.290623 0.0578243 0.0663898
0 0.238826 0.815032 0.0767532 0.0940274
0 0.430138 0.359468 0.0679582 0.0816258
0 0.604331 0.144806 0.0660609 0.083691
0 0.685393 0.267895 0.0660994 0.0785428
0 0.762367 0.737492 0.0509905 0.0648614
0 0.245636 0.690992 0.06868 0.0805376
0 0.609076 0.0361098 0.068056 0.0721177
0 0.940535 0.0719184 0.0736286 0.0841833
0 0.336597 0.468198 0.0630595 0.0763856
0 0.938568 0.408037 0.065411 0.0755112
0 0.164921 0.452699 0.0691697 0.0808499
0 0.344157 0.241567 0.0645445 0.0833989
0 0.857653 0.275792 0.058557 0.0683027
0 0.526864 0.143499 0.0611717 0.0725624
0 0.840976 0.970173 0.0560417 0.0594903
0 0.498787 0.94393 0.0607922 0.0759094
0 0.0860004 0.331498 0.0725983 0.092093
0 0.918511 0.966357 0.0396655 0.0510976
0 0.517908 0.363074 0.0607422 0.0713099
0 0.852197 0.510118 0.0467979 0.0577339
0 0.587752 0.953463 0.0578728 0.0739789
0 0.758318 0.852569 0.0488185 0.0626475
0 0.845583 0.854672 0.0545876 0.0661402
0 0.860818 0.396155 0.0729954 0.0843269
0 0.862778 0.161054 0.0584999 0.0750601
0 0.602202 0.267629 0.0628619 0.0749463
0 0.0240489 0.110431 0.0480057 0.0766994
0 0.0955808 0.118475 0.0605068 0.0794551
0 0.156752 0.684384 0.0578261 0.0684967
0 0.672576 0.836866 0.0517946 0.0646781
0 0.675419 0.611982 0.0475292 0.0615576
0 0.434812 0.249238 0.0705969 0.0811793
0 0.270402 0.0257753 0.0695626 0.0511767
0 0.420016 0.701789 0.0549752 0.0643974
0 0.174539 0.227777 0.0652885 0.0725058
0 0.242392 0.914875 0.04744 0.0587362
0 0.330755 0.684212 0.0612785 0.0703022
0 0.758361 0.387423 0.0524828 0.063246
0 0.260555 0.239269 0.0596415 0.0725615
0 0.248453 0.58335 0.0693433 0.0814986
0 0.777669 0.0552571 0.0614273 0.0727563
0 0.16159 0.567281 0.0567639 0.0734674
0 0.435733 0.0303117 0.068107 0.0604639
0 0.257968 0.349884 0.0596744 0.0750763
0 0.515136 0.479983 0.0390648 0.0504706
0 0.0283341 0.0212057 0.0562355 0.0421093
0 0.767752 0.282391 0.0415854 0.0534163
0 0.596262 0.600343 0.0594187 0.0712561
0 0.763472 0.61475 0.0473714 0.0541158
0 0.0870325 0.450067 0.0471638 0.0559736
0 0.0785885 0.568185 0.0553953 0.0690927
0 0.844077 0.736512 0.0422856 0.0497752
0 0.0164479 0.443726 0.0325403 0.07002
0 0.020233 0.208622 0.0403921 0.0971159
0 0.184311 0.0227178 0.0769798 0.0454356
0 0.0764324 0.681834 0.0508879 0.061991
0 0.592293 0.71262 0.0415724 0.0624117
0 0.928771 0.852821 0.0462093 0.0505531
0 0.331914 0.584024 0.0464511 0.0554034
0 0.424478 0.595892 0.0513808 0.0589535
0 0.0780381 0.793644 0.0522167 0.0637441
0 0.0932322 0.226612 0.0592298 0.0658852
1 0.333978 0.807405 0.0491542 0.0701677
0 0.157521 0.918254 0.0480153 0.0604907
0 0.0942776 0.0189877 0.0771752 0.0374725
1 0.159722 0.798212 0.0498721 0.059656
0 0.674514 0.713354 0.0348789 0.0490176
0 0.506083 0.710238 0.0415651 0.053235
1 0.331009 0.921057 0.0488339 0.0631582
0 0.0193363 0.326448 0.0386106 0.0807262
0 0.51562 0.589777 0.0385298 0.0436962
0 0.262539 0.466605 0.0359794 0.0433194
0 0.681931 0.500253 0.0405724 0.0511934
0 0.428525 0.473919 0.0442936 0.0460781
0 0.747162 0.950697 0.0348185 0.0406718
0 0.992055 0.727583 0.0158892 0.0808032
0 0.99283 0.637211 0.0143402 0.0682012
0 0.857534 0.626971 0.0713592 0.0818481
0 0.778462 0.163542 0.0763622 0.0962083
0 0.345484 0.122645 0.0719952 0.0901513
0 0.868432 0.0511295 0.0800083 0.0961477
0 0.694267 0.148907 0.0772926 0.0956916
0 0.691213 0.381642 0.067194 0.0881639
0 0.0592095 0.920425 0.0837518 0.107496
0 0.695953 0.0382667 0.0719488 0.0765334
0 0.672034 0.95748 0.0522325 0.0690847
0 0.414859 0.822917 0.0661299 0.0813151
0 0.604028 0.378155 0.0664074 0.0832301
0 0.942234 0.513412 0.0635432 0.0748015
0 0.503724 0.827123 0.0602574 0.0746986
0 0.596575 0.488309 0.0664236 0.0789573
0 0.437365 0.129884 0.078993 0.0913806
0 0.951208 0.173804 0.0738629 0.0866481
0 0.93815 0.633929 0.0655283 0.077844
0 0.263871 0.123119 0.0684052 0.0813348
0 0.166171 0.337519 0.076158 0.0944654
0 0.518717 0.0363175 0.0677261 0.0724605
0 0.177731 0.111927 0.0727389 0.0964954
0 0.93346 0.740954 0.0606091 0.0745848
0 0.766512 0.49832 0.0617518 0.0727829
0 0.588171 0.839059 0.0527118 0.0593669
0 0.943076 0.290623 0.0578243 0.0663898
0 0.238826 0.815032 0.0767532 0.0940274
0 0.430138 0.359468 0.0679582 0.0816258
0 0.604331 0.144806 0.0660609 0.083691
0 0.685393 0.267895 0.0660994 0.0785428
0 0.762367 0.737492 0.0509905 0.0648614
0 0.245636 0.690992 0.06868 0.0805376
0 0.609076 0.0361098 0.068056 0.0721177
0 0.940535 0.0719184 0.0736286 0.0841833
0 0.336597 0.468198 0.0630595 0.0763856
0 0.938568 0.408037 0.065411 0.0755112
0 0.164921 0.452699 0.0691697 0.0808499
0 0.344157 0.241567 0.0645445 0.0833989
0 0.857653 0.275792 0.058557 0.0683027
0 0.526864 0.143499 0.0611717 0.0725624
0 0.840976 0.970173 0.0560417 0.0594903
0 0.498787 0.94393 0.0607922 0.0759094
0 0.0860004 0.331498 0.0725983 0.092093
0 0.918511 0.966357 0.0396655 0.0510976
0 0.517908 0.363074 0.0607422 0.0713099
0 0.852197 0.510118 0.0467979 0.0577339
0 0.587752 0.953463 0.0578728 0.0739789
0 0.758318 0.852569 0.0488185 0.0626475
0 0.845583 0.854672 0.0545876 0.0661402
0 0.860818 0.396155 0.0729954 0.0843269
0 0.862778 0.161054 0.0584999 0.0750601
0 0.602202 0.267629 0.0628619 0.0749463
0 0.0240489 0.110431 0.0480057 0.0766994
0 0.0955808 0.118475 0.0605068 0.0794551
0 0.156752 0.684384 0.0578261 0.0684967
0 0.672576 0.836866 0.0517946 0.0646781
0 0.675419 0.611982 0.0475292 0.0615576
0 0.434812 0.249238 0.0705969 0.0811793
0 0.270402 0.0257753 0.0695626 0.0511767
0 0.420016 0.701789 0.0549752 0.0643974
0 0.174539 0.227777 0.0652885 0.0725058
0 0.242392 0.914875 0.04744 0.0587362
0 0.330755 0.684212 0.0612785 0.0703022
0 0.758361 0.387423 0.0524828 0.063246
0 0.260555 0.239269 0.0596415 0.0725615
0 0.248453 0.58335 0.0693433 0.0814986
0 0.777669 0.0552571 0.0614273 0.0727563
0 0.16159 0.567281 0.0567639 0.0734674
0 0.435733 0.0303117 0.068107 0.0604639
0 0.257968 0.349884 0.0596744 0.0750763
0 0.515136 0.479983 0.0390648 0.0504706
0 0.0283341 0.0212057 0.0562355 0.0421093
0 0.767752 0.282391 0.0415854 0.0534163
0 0.596262 0.600343 0.0594187 0.0712561
0 0.763472 0.61475 0.0473714 0.0541158
0 0.0870325 0.450067 0.0471638 0.0559736
0 0.0785885 0.568185 0.0553953 0.0690927
0 0.844077 0.736512 0.0422856 0.0497752
0 0.0164479 0.443726 0.0325403 0.07002
0 0.020233 0.208622 0.0403921 0.0971159
0 0.184311 0.0227178 0.0769798 0.0454356
0 0.0764324 0.681834 0.0508879 0.061991
0 0.592293 0.71262 0.0415724 0.0624117
0 0.928771 0.852821 0.0462093 0.0505531
0 0.331914 0.584024 0.0464511 0.0554034
0 0.424478 0.595892 0.0513808 0.0589535
0 0.0780381 0.793644 0.0522167 0.0637441
0 0.0932322 0.226612 0.0592298 0.0658852
1 0.333978 0.807405 0.0491542 0.0701677
0 0.157521 0.918254 0.0480153 0.0604907
0 0.0942776 0.0189877 0.0771752 0.0374725
1 0.159722 0.798212 0.0498721 0.059656
0 0.674514 0.713354 0.0348789 0.0490176
0 0.506083 0.710238 0.0415651 0.053235
1 0.331009 0.921057 0.0488339 0.0631582
0 0.0193363 0.326448 0.0386106 0.0807262
0 0.51562 0.589777 0.0385298 0.0436962
0 0.262539 0.466605 0.0359794 0.0433194
0 0.681931 0.500253 0.0405724 0.0511934
0 0.428525 0.473919 0.0442936 0.0460781
0 0.747162 0.950697 0.0348185 0.0406718
0 0.992055 0.727583 0.0158892 0.0808032
0 0.99283 0.637211 0.0143402 0.0682012
