1 0.60876 0.406684 0.0650573 0.0726185
0 0.778892 0.478315 0.121269 0.153907
0 0.370413 0.564703 0.0955716 0.115791
0 0.0589282 0.444935 0.117772 0.134993
0 0.267609 0.560405 0.109671 0.130883
0 0.794069 0.137988 0.141072 0.170909
0 0.0610631 0.307988 0.121571 0.132794
0 0.910116 0.481605 0.138501 0.166276
0 0.92825 0.133917 0.142098 0.187168
0 0.776882 0.311116 0.117799 0.14248
0 0.906068 0.318503 0.140079 0.170225
0 0.904557 0.850082 0.144255 0.187716
0 0.147353 0.574792 0.13035 0.149074
0 0.769742 0.840758 0.126213 0.157845
0 0.776954 0.653838 0.132151 0.160019
0 0.0665792 0.856256 0.109315 0.127647
0 0.0663387 0.177624 0.0982565 0.103567
1 0.610055 0.17725 0.0696708 0.0672554
1 0.605992 0.255176 0.0810366 0.0927773
1 0.610289 0.648776 0.0600777 0.0618599
1 0.611135 0.10155 0.0783264 0.0874385
0 0.0654333 0.713851 0.130867 0.131923
1 0.602502 0.56248 0.0743486 0.0667169
1 0.606511 0.724096 0.0776674 0.0840992
0 0.370255 0.185785 0.0684423 0.0752746
1 0.603618 0.952568 0.0650893 0.0576636
0 0.374637 0.300917 0.0617422 0.0675485
1 0.595974 0.484747 0.0709694 0.0940105
1 0.606184 0.0265924 0.0804802 0.0527577
0 0.769929 0.966615 0.126536 0.0665341
0 0.223392 0.950125 0.133559 0.0987826
1 0.606342 0.884404 0.068958 0.0800245
0 0.974901 0.65085 0.0501976 0.156255
0 0.893353 0.960432 0.132557 0.0791353
0 0.980788 0.841692 0.0384235 0.169119
1 0.601637 0.806972 0.0656847 0.0538976
0 0.799572 0.021857 0.112939 0.0436259
0 0.186788 0.321921 0.0441451 0.0531508
0 0.984035 0.326984 0.0318924 0.158765
0 0.906105 0.0266588 0.120498 0.0533177
0 0.986959 0.486016 0.0260818 0.166854
0 0.0110853 0.061485 0.0220853 0.0993074
0 0.892854 0.972104 0.130717 0.0555703
0 0.20538 0.952452 0.0992199 0.0946053
1 0.0132835 0.577456 0.0263555 0.0409141
1 0.60876 0.406684 0.0650573 0.0726185
0 0.778892 0.478315 0.121269 0.153907
0 0.370413 0.564703 0.0955716 0.115791
0 0.0589282 0.444935 0.117772 0.134993
0 0.267609 0.560405 0.109671 0.130883
0 0.794069 0.137988 0.141072 0.170909
0 0.0610631 0.307988 0.121571 0.132794
0 0.910116 0.481605 0.138501 0.166276
0 0.92825 0.133917 0.142098 0.187168
0 0.776882 0.311116 0.117799 0.14248
0 0.906068 0.318503 0.140079 0.170225
0 0.904557 0.850082 0.144255 0.187716
0 0.147353 0.574792 0.13035 0.149074
0 0.769742 0.840758 0.126213 0.157845
0 0.776954 0.653838 0.132151 0.160019
0 0.0665792 0.856256 0.109315 0.127647
0 0.0663387 0.177624 0.0982565 0.103567
1 0.610055 0.17725 0.0696708 0.0672554
1 0.605992 0.255176 0.0810366 0.0927773
1 0.610289 0.648776 0.0600777 0.0618599
1 0.611135 0.10155 0.0783264 0.0874385
0 0.0654333 0.713851 0.130867 0.131923
1 0.602502 0.56248 0.0743486 0.0667169
1 0.606511 0.724096 0.0776674 0.0840992
0 0.370255 0.185785 0.0684423 0.0752746
1 0.603618 0.952568 0.0650893 0.0576636
0 0.374637 0.300917 0.0617422 0.0675485
1 0.595974 0.484747 0.0709694 0.0940105
1 0.606184 0.0265924 0.0804802 0.0527577
0 0.769929 0.966615 0.126536 0.0665341
0 0.223392 0.950125 0.133559 0.0987826
1 0.606342 0.884404 0.068958 0.0800245
0 0.974901 0.65085 0.0501976 0.156255
0 0.893353 0.960432 0.132557 0.0791353
0 0.980788 0.841692 0.0384235 0.169119
1 0.601637 0.806972 0.0656847 0.0538976
0 0.799572 0.021857 0.112939 0.0436259
0 0.186788 0.321921 0.0441451 0.0531508
0 0.984035 0.326984 0.0318924 0.158765
0 0.906105 0.0266588 0.120498 0.0533177
0 0.986959 0.486016 0.0260818 0.166854
0 0.0110853 0.061485 0.0220853 0.0993074
0 0.892854 0.972104 0.130717 0.0555703
0 0.20538 0.952452 0.0992199 0.0946053
1 0.0132835 0.577456 0.0263555 0.0409141
