0 0.573682 0.605817 0.101719 0.129963
0 0.721574 0.0635141 0.092374 0.124378
0 0.251534 0.559323 0.0971544 0.122497
0 0.802389 0.495779 0.100201 0.12454
0 0.341247 0.894285 0.0987565 0.137785
0 0.890902 0.651425 0.101442 0.120101
0 0.696139 0.33567 0.0816955 0.111681
0 0.674534 0.765853 0.084683 0.113441
0 0.603865 0.169812 0.089823 0.127343
0 0.915706 0.0832606 0.0927456 0.121052
0 0.898947 0.507501 0.0968361 0.115915
0 0.678889 0.475502 0.0714649 0.0956762
0 0.167315 0.263555 0.104352 0.131282
0 0.176261 0.127143 0.100389 0.133081
0 0.764252 0.764603 0.0971783 0.124659
0 0.139241 0.843483 0.107277 0.130666
0 0.136488 0.698473 0.0954596 0.114694
0 0.604422 0.0529532 0.0867287 0.105906
0 0.466923 0.591419 0.0802416 0.108638
0 0.671552 0.62014 0.092885 0.122009
0 0.587802 0.461537 0.0891333 0.119012
0 0.462084 0.719499 0.0742151 0.0991471
0 0.896789 0.371111 0.0987182 0.107891
0 0.275349 0.277742 0.097974 0.127737
0 0.557843 0.734964 0.106454 0.122298
0 0.967627 0.661785 0.0643185 0.13539
0 0.456784 0.868865 0.0894966 0.121598
0 0.408796 0.115389 0.0893687 0.125304
0 0.895397 0.232307 0.108076 0.133906
0 0.243672 0.714147 0.0971013 0.122676
0 0.385047 0.293583 0.0792934 0.112685
0 0.963649 0.807999 0.0722027 0.145095
0 0.0497547 0.531165 0.0961387 0.11214
0 0.472961 0.462033 0.0928255 0.129281
0 0.866793 0.924441 0.101787 0.121773
0 0.762273 0.913901 0.102517 0.135161
0 0.506199 0.0535776 0.090141 0.107155
0 0.780441 0.63187 0.102133 0.128395
0 0.699488 0.202149 0.0794024 0.101915
0 0.963357 0.942451 0.07315 0.11406
0 0.160326 0.403661 0.0997254 0.117833
0 0.264164 0.415363 0.103369 0.12796
0 0.824238 0.0684161 0.100983 0.136832
0 0.36278 0.706554 0.0863877 0.114596
0 0.648718 0.869936 0.084473 0.112519
0 0.874334 0.789556 0.116998 0.146463
0 0.157907 0.544544 0.0935838 0.11524
0 0.0689861 0.104263 0.103306 0.13898
0 0.490731 0.184301 0.0776398 0.103103
0 0.970385 0.380349 0.0592299 0.12501
0 0.334238 0.152527 0.0785609 0.130268
0 0.558966 0.848658 0.085381 0.109808
0 0.246554 0.844206 0.103701 0.129494
0 0.073539 0.258386 0.0840803 0.10191
0 0.121533 0.954714 0.109681 0.0904328
0 0.0410514 0.815416 0.0814487 0.1196
0 0.299172 0.0371964 0.0930525 0.0742652
0 0.401958 0.0268268 0.0842962 0.0532412
0 0.055581 0.390403 0.101621 0.110889
0 0.433787 0.96191 0.090348 0.0757493
0 0.270769 0.133911 0.0822132 0.127916
0 0.235124 0.957257 0.108463 0.0854864
0 0.976543 0.517397 0.0469133 0.121352
0 0.0334977 0.946458 0.0669722 0.107085
0 0.491992 0.32045 0.0822417 0.119983
0 0.0435407 0.674538 0.0870813 0.111016
0 0.550154 0.970796 0.0935235 0.0580816
0 0.778979 0.346069 0.0725634 0.109767
0 0.187177 0.0279113 0.0984065 0.0553969
0 0.9822 0.0961065 0.0355994 0.131043
0 0.335787 0.979319 0.0815174 0.0413622
0 0.4606 0.290345 0.0678059 0.0952405
1 0.346375 0.435881 0.0593756 0.0915323
0 0.988256 0.241936 0.0234871 0.123652
0 0.0146594 0.124575 0.0292476 0.123797
0 0.0797707 0.022393 0.102728 0.0447827
0 0.478572 0.312416 0.102381 0.129826
1 0.348522 0.543485 0.0660734 0.0834548
0 0.908916 0.0132012 0.0916197 0.0264024
0 0.0204298 0.676082 0.0408595 0.106011
0 0.64661 0.990292 0.0823059 0.0194157
0 0.573682 0.605817 0.101719 0.129963
0 0.721574 0.0635141 0.092374 0.124378
0 0.251534 0.559323 0.0971544 0.122497
0 0.802389 0.495779 0.100201 0.12454
0 0.341247 0.894285 0.0987565 0.137785
0 0.890902 0.651425 0.101442 0.120101
0 0.696139 0.33567 0.0816955 0.111681
0 0.674534 0.765853 0.084683 0.113441
0 0.603865 0.169812 0.089823 0.127343
0 0.915706 0.0832606 0.0927456 0.121052
0 0.898947 0.507501 0.0968361 0.115915
0 0.678889 0.475502 0.0714649 0.0956762
0 0.167315 0.263555 0.104352 0.131282
0 0.176261 0.127143 0.100389 0.133081
0 0.764252 0.764603 0.0971783 0.124659
0 0.139241 0.843483 0.107277 0.130666
0 0.136488 0.698473 0.0954596 0.114694
0 0.604422 0.0529532 0.0867287 0.105906
0 0.466923 0.591419 0.0802416 0.108638
0 0.671552 0.62014 0.092885 0.122009
0 0.587802 0.461537 0.0891333 0.119012
0 0.462084 0.719499 0.0742151 0.0991471
0 0.896789 0.371111 0.0987182 0.107891
0 0.275349 0.277742 0.097974 0.127737
0 0.557843 0.734964 0.106454 0.122298
0 0.967627 0.661785 0.0643185 0.13539
0 0.456784 0.868865 0.0894966 0.121598
0 0.408796 0.115389 0.0893687 0.125304
0 0.895397 0.232307 0.108076 0.133906
0 0.243672 0.714147 0.0971013 0.122676
0 0.385047 0.293583 0.0792934 0.112685
0 0.963649 0.807999 0.0722027 0.145095
0 0.0497547 0.531165 0.0961387 0.11214
0 0.472961 0.462033 0.0928255 0.129281
0 0.866793 0.924441 0.101787 0.121773
0 0.762273 0.913901 0.102517 0.135161
0 0.506199 0.0535776 0.090141 0.107155
0 0.780441 0.63187 0.102133 0.128395
0 0.699488 0.202149 0.0794024 0.101915
0 0.963357 0.942451 0.07315 0.11406
0 0.160326 0.403661 0.0997254 0.117833
0 0.264164 0.415363 0.103369 0.12796
0 0.824238 0.0684161 0.100983 0.136832
0 0.36278 0.706554 0.0863877 0.114596
0 0.648718 0.869936 0.084473 0.112519
0 0.874334 0.789556 0.116998 0.146463
0 0.157907 0.544544 0.0935838 0.11524
0 0.0689861 0.104263 0.103306 0.13898
0 0.490731 0.184301 0.0776398 0.103103
0 0.970385 0.380349 0.0592299 0.12501
0 0.334238 0.152527 0.0785609 0.130268
0 0.558966 0.848658 0.085381 0.109808
0 0.246554 0.844206 0.103701 0.129494
0 0.073539 0.258386 0.0840803 0.10191
0 0.121533 0.954714 0.109681 0.0904328
0 0.0410514 0.815416 0.0814487 0.1196
0 0.299172 0.0371964 0.0930525 0.0742652
0 0.401958 0.0268268 0.0842962 0.0532412
0 0.055581 0.390403 0.101621 0.110889
0 0.433787 0.96191 0.090348 0.0757493
0 0.270769 0.133911 0.0822132 0.127916
0 0.235124 0.957257 0.108463 0.0854864
0 0.976543 0.517397 0.0469133 0.121352
0 0.0334977 0.946458 0.0669722 0.107085
0 0.491992 0.32045 0.0822417 0.119983
0 0.0435407 0.674538 0.0870813 0.111016
0 0.550154 0.970796 0.0935235 0.0580816
0 0.778979 0.346069 0.0725634 0.109767
0 0.187177 0.0279113 0.0984065 0.0553969
0 0.9822 0.0961065 0.0355994 0.131043
0 0.335787 0.979319 0.0815174 0.0413622
0 0.4606 0.290345 0.0678059 0.0952405
1 0.346375 0.435881 0.0593756 0.0915323
0 0.988256 0.241936 0.0234871 0.123652
0 0.0146594 0.124575 0.0292476 0.123797
0 0.0797707 0.022393 0.102728 0.0447827
0 0.478572 0.312416 0.102381 0.129826
1 0.348522 0.543485 0.0660734 0.0834548
0 0.908916 0.0132012 0.0916197 0.0264024
0 0.0204298 0.676082 0.0408595 0.106011
0 0.64661 0.990292 0.0823059 0.0194157
