0 0.97365 0.0614057 0.0517496 0.0686638
0 0.367349 0.234413 0.068486 0.084404
0 0.365365 0.35572 0.0701829 0.0865084
0 0.792216 0.730493 0.0711981 0.0832333
0 0.878367 0.735535 0.0707997 0.0884919
0 0.457574 0.23735 0.0745817 0.0935789
0 0.195165 0.118873 0.0708974 0.0933358
0 0.453265 0.361074 0.0657864 0.0766777
0 0.276235 0.106932 0.0823434 0.0992371
0 0.461557 0.127865 0.076782 0.0945493
0 0.788705 0.845082 0.0775368 0.0933202
0 0.534835 0.360144 0.0710074 0.0846561
0 0.0966529 0.683788 0.0864147 0.0980712
0 0.539329 0.243048 0.0707571 0.0835868
0 0.0271305 0.338214 0.0540608 0.113107
0 0.954755 0.85607 0.0647228 0.0786674
0 0.961991 0.508839 0.0655783 0.0758522
0 0.88625 0.387311 0.0617121 0.0714091
0 0.351543 0.933481 0.0740154 0.0950111
0 0.877045 0.618039 0.063073 0.0738975
0 0.183759 0.454564 0.0734579 0.0874615
0 0.789677 0.497677 0.0611906 0.0740391
0 0.790258 0.610106 0.0674034 0.0738107
0 0.0988406 0.219694 0.0762884 0.0948379
0 0.099009 0.345167 0.0789185 0.0994234
0 0.266801 0.576563 0.0778852 0.0920349
0 0.458332 0.0295802 0.0752207 0.0586649
0 0.542721 0.139931 0.0651812 0.0744416
0 0.62047 0.488653 0.0595331 0.0703077
0 0.877588 0.504606 0.0628365 0.0754937
0 0.707381 0.145828 0.0492834 0.058211
0 0.616102 0.708171 0.0601185 0.0764028
0 0.631788 0.140043 0.0687746 0.0815596
0 0.867828 0.962641 0.0603424 0.0696386
0 0.624631 0.252555 0.0601082 0.0736923
0 0.529572 0.704811 0.0620912 0.0786627
0 0.02819 0.220689 0.05638 0.0925829
0 0.437581 0.92934 0.0590529 0.081241
1 0.0515598 0.974669 0.066753 0.0500216
0 0.363467 0.466104 0.06563 0.0856379
0 0.699167 0.948271 0.0562757 0.0720797
0 0.0283869 0.10283 0.0563396 0.0993161
0 0.450014 0.468274 0.0659726 0.0777217
0 0.949283 0.968891 0.0555988 0.062219
1 0.119423 0.818187 0.0671211 0.0743454
0 0.720812 0.0322674 0.0520846 0.0612571
0 0.802781 0.0529996 0.0538807 0.0635224
0 0.802184 0.159287 0.0530243 0.0603368
0 0.630942 0.0312227 0.0610936 0.0621039
0 0.625204 0.371534 0.0584078 0.0698307
0 0.707414 0.494748 0.0565282 0.0658706
1 0.257122 0.811431 0.0751714 0.09262
0 0.271388 0.68838 0.0613321 0.0797889
0 0.797081 0.383675 0.0585778 0.0667782
0 0.620163 0.59802 0.064386 0.0769254
0 0.883883 0.278343 0.0603655 0.0682924
0 0.526308 0.818898 0.0467703 0.0638218
0 0.708349 0.376847 0.047501 0.0555127
0 0.206286 0.0251514 0.0569404 0.0496536
0 0.79706 0.279275 0.0449997 0.0501294
0 0.450848 0.581049 0.0583274 0.0717589
0 0.972277 0.163329 0.0550649 0.0680383
0 0.192775 0.682219 0.0570195 0.0740869
0 0.101807 0.565341 0.0550619 0.0662179
0 0.959148 0.40266 0.0412623 0.0481533
0 0.700723 0.715586 0.0441267 0.0502635
0 0.522571 0.934898 0.0467186 0.0608272
0 0.797618 0.221264 0.0404973 0.0417714
0 0.960535 0.28789 0.0426042 0.0476735
0 0.694457 0.832981 0.0433174 0.0504603
1 0.264461 0.926405 0.0456339 0.0576217
0 0.772573 0.946045 0.0435272 0.0579774
0 0.700469 0.603254 0.0350121 0.0438827
0 0.448427 0.696731 0.0419823 0.0521972
1 0.190746 0.983257 0.0612371 0.0331365
0 0.882771 0.0573916 0.0387811 0.042876
0 0.534878 0.58912 0.0398422 0.0517344
1 0.036391 0.455274 0.0719176 0.0853446
0 0.963826 0.739334 0.0523695 0.0546452
0 0.443385 0.815719 0.0465481 0.0680675
0 0.194471 0.568322 0.0452353 0.0552291
0 0.612948 0.825812 0.0394748 0.0512033
0 0.294057 0.0238108 0.0433747 0.0458532
0 0.0423922 0.0186092 0.0381212 0.0371056
0 0.286457 0.245507 0.037648 0.0467154
1 0.363349 0.690906 0.0506705 0.0663042
0 0.546103 0.03659 0.0316642 0.0335153
1 0.536284 0.482973 0.0282874 0.0401068
1 0.179143 0.271728 0.0386225 0.0426394
1 0.358431 0.80064 0.0537269 0.0540869
1 0.105554 0.472491 0.0357758 0.0408531
0 0.712043 0.270672 0.04513 0.0622269
0 0.947481 0.615014 0.0335516 0.044342
0 0.371171 0.0246797 0.0468223 0.0491192
0 0.97365 0.0614057 0.0517496 0.0686638
0 0.367349 0.234413 0.068486 0.084404
0 0.365365 0.35572 0.0701829 0.0865084
0 0.792216 0.730493 0.0711981 0.0832333
0 0.878367 0.735535 0.0707997 0.0884919
0 0.457574 0.23735 0.0745817 0.0935789
0 0.195165 0.118873 0.0708974 0.0933358
0 0.453265 0.361074 0.0657864 0.0766777
0 0.276235 0.106932 0.0823434 0.0992371
0 0.461557 0.127865 0.076782 0.0945493
0 0.788705 0.845082 0.0775368 0.0933202
0 0.534835 0.360144 0.0710074 0.0846561
0 0.0966529 0.683788 0.0864147 0.0980712
0 0.539329 0.243048 0.0707571 0.0835868
0 0.0271305 0.338214 0.0540608 0.113107
0 0.954755 0.85607 0.0647228 0.0786674
0 0.961991 0.508839 0.0655783 0.0758522
0 0.88625 0.387311 0.0617121 0.0714091
0 0.351543 0.933481 0.0740154 0.0950111
0 0.877045 0.618039 0.063073 0.0738975
0 0.183759 0.454564 0.0734579 0.0874615
0 0.789677 0.497677 0.0611906 0.0740391
0 0.790258 0.610106 0.0674034 0.0738107
0 0.0988406 0.219694 0.0762884 0.0948379
0 0.099009 0.345167 0.0789185 0.0994234
0 0.266801 0.576563 0.0778852 0.0920349
0 0.458332 0.0295802 0.0752207 0.0586649
0 0.542721 0.139931 0.0651812 0.0744416
0 0.62047 0.488653 0.0595331 0.0703077
0 0.877588 0.504606 0.0628365 0.0754937
0 0.707381 0.145828 0.0492834 0.058211
0 0.616102 0.708171 0.0601185 0.0764028
0 0.631788 0.140043 0.0687746 0.0815596
0 0.867828 0.962641 0.0603424 0.0696386
0 0.624631 0.252555 0.0601082 0.0736923
0 0.529572 0.704811 0.0620912 0.0786627
0 0.02819 0.220689 0.05638 0.0925829
0 0.437581 0.92934 0.0590529 0.081241
1 0.0515598 0.974669 0.066753 0.0500216
0 0.363467 0.466104 0.06563 0.0856379
0 0.699167 0.948271 0.0562757 0.0720797
0 0.0283869 0.10283 0.0563396 0.0993161
0 0.450014 0.468274 0.0659726 0.0777217
0 0.949283 0.968891 0.0555988 0.062219
1 0.119423 0.818187 0.0671211 0.0743454
0 0.720812 0.0322674 0.0520846 0.0612571
0 0.802781 0.0529996 0.0538807 0.0635224
0 0.802184 0.159287 0.0530243 0.0603368
0 0.630942 0.0312227 0.0610936 0.0621039
0 0.625204 0.371534 0.0584078 0.0698307
0 0.707414 0.494748 0.0565282 0.0658706
1 0.257122 0.811431 0.0751714 0.09262
0 0.271388 0.68838 0.0613321 0.0797889
0 0.797081 0.383675 0.0585778 0.0667782
0 0.620163 0.59802 0.064386 0.0769254
0 0.883883 0.278343 0.0603655 0.0682924
0 0.526308 0.818898 0.0467703 0.0638218
0 0.708349 0.376847 0.047501 0.0555127
0 0.206286 0.0251514 0.0569404 0.0496536
0 0.79706 0.279275 0.0449997 0.0501294
0 0.450848 0.581049 0.0583274 0.0717589
0 0.972277 0.163329 0.0550649 0.0680383
0 0.192775 0.682219 0.0570195 0.0740869
0 0.101807 0.565341 0.0550619 0.0662179
0 0.959148 0.40266 0.0412623 0.0481533
0 0.700723 0.715586 0.0441267 0.0502635
0 0.522571 0.934898 0.0467186 0.0608272
0 0.797618 0.221264 0.0404973 0.0417714
0 0.960535 0.28789 0.0426042 0.0476735
0 0.694457 0.832981 0.0433174 0.0504603
1 0.264461 0.926405 0.0456339 0.0576217
0 0.772573 0.946045 0.0435272 0.0579774
0 0.700469 0.603254 0.0350121 0.0438827
0 0.448427 0.696731 0.0419823 0.0521972
1 0.190746 0.983257 0.0612371 0.0331365
0 0.882771 0.0573916 0.0387811 0.042876
0 0.534878 0.58912 0.0398422 0.0517344
1 0.036391 0.455274 0.0719176 0.0853446
0 0.963826 0.739334 0.0523695 0.0546452
0 0.443385 0.815719 0.0465481 0.0680675
0 0.194471 0.568322 0.0452353 0.0552291
0 0.612948 0.825812 0.0394748 0.0512033
0 0.294057 0.0238108 0.0433747 0.0458532
0 0.0423922 0.0186092 0.0381212 0.0371056
0 0.286457 0.245507 0.037648 0.0467154
1 0.363349 0.690906 0.0506705 0.0663042
0 0.546103 0.03659 0.0316642 0.0335153
1 0.536284 0.482973 0.0282874 0.0401068
1 0.179143 0.271728 0.0386225 0.0426394
1 0.358431 0.80064 0.0537269 0.0540869
1 0.105554 0.472491 0.0357758 0.0408531
0 0.712043 0.270672 0.04513 0.0622269
0 0.947481 0.615014 0.0335516 0.044342
0 0.371171 0.0246797 0.0468223 0.0491192
