1 0.519454 0.154301 0.135636 0.2204
1 0.531031 0.555894 0.127652 0.181835
0 0.222712 0.605309 0.0810641 0.105244
0 0.123648 0.465051 0.0962578 0.115703
0 0.120014 0.188492 0.10895 0.127275
0 0.119749 0.739802 0.0879684 0.1082
0 0.322145 0.606039 0.10677 0.136086
0 0.331223 0.0748253 0.0750544 0.0943352
0 0.432887 0.725565 0.0787023 0.0968268
0 0.32649 0.204211 0.103381 0.124617
0 0.0353803 0.730592 0.0707606 0.102827
0 0.225557 0.198459 0.0738541 0.0892837
0 0.119322 0.32485 0.089496 0.10055
0 0.227687 0.0643088 0.0968876 0.117516
0 0.429679 0.344691 0.0814426 0.0973155
0 0.133194 0.0695415 0.0867626 0.102678
0 0.226334 0.470887 0.0902621 0.115239
0 0.425181 0.476584 0.0892792 0.111391
0 0.0319593 0.885384 0.0639186 0.148443
0 0.0330551 0.595818 0.0661102 0.105598
0 0.114784 0.614033 0.0951928 0.123533
0 0.32831 0.472392 0.0831725 0.0984957
0 0.0369076 0.0618819 0.0738151 0.123123
0 0.0331277 0.205573 0.0662553 0.0972195
0 0.118936 0.87345 0.0879226 0.122593
0 0.326037 0.742384 0.0778436 0.101463
0 0.326821 0.335356 0.0865681 0.104476
0 0.430504 0.210861 0.0623997 0.0872295
0 0.0320479 0.463953 0.0640699 0.134185
0 0.217857 0.88109 0.0867962 0.103814
0 0.415124 0.873833 0.0712492 0.0974718
0 0.418805 0.0897602 0.0704623 0.0797388
1 0.94637 0.078701 0.10726 0.157402
1 0.627137 0.128088 0.0742416 0.0801897
0 0.0333098 0.330989 0.0666196 0.0998248
0 0.963436 0.425927 0.0731271 0.130024
0 0.318226 0.862886 0.0634482 0.0832118
0 0.235755 0.337469 0.0631143 0.0732155
1 0.679041 0.0583802 0.111096 0.116423
0 0.329502 0.972638 0.0742911 0.0539024
0 0.222617 0.740241 0.0544866 0.0632581
0 0.0380037 0.9762 0.0750581 0.0466523
0 0.123761 0.978817 0.0911471 0.042366
1 0.519454 0.154301 0.135636 0.2204
1 0.531031 0.555894 0.127652 0.181835
0 0.222712 0.605309 0.0810641 0.105244
0 0.123648 0.465051 0.0962578 0.115703
0 0.120014 0.188492 0.10895 0.127275
0 0.119749 0.739802 0.0879684 0.1082
0 0.322145 0.606039 0.10677 0.136086
0 0.331223 0.0748253 0.0750544 0.0943352
0 0.432887 0.725565 0.0787023 0.0968268
0 0.32649 0.204211 0.103381 0.124617
0 0.0353803 0.730592 0.0707606 0.102827
0 0.225557 0.198459 0.0738541 0.0892837
0 0.119322 0.32485 0.089496 0.10055
0 0.227687 0.0643088 0.0968876 0.117516
0 0.429679 0.344691 0.0814426 0.0973155
0 0.133194 0.0695415 0.0867626 0.102678
0 0.226334 0.470887 0.0902621 0.115239
0 0.425181 0.476584 0.0892792 0.111391
0 0.0319593 0.885384 0.0639186 0.148443
0 0.0330551 0.595818 0.0661102 0.105598
0 0.114784 0.614033 0.0951928 0.123533
0 0.32831 0.472392 0.0831725 0.0984957
0 0.0369076 0.0618819 0.0738151 0.123123
0 0.0331277 0.205573 0.0662553 0.0972195
0 0.118936 0.87345 0.0879226 0.122593
0 0.326037 0.742384 0.0778436 0.101463
0 0.326821 0.335356 0.0865681 0.104476
0 0.430504 0.210861 0.0623997 0.0872295
0 0.0320479 0.463953 0.0640699 0.134185
0 0.217857 0.88109 0.0867962 0.103814
0 0.415124 0.873833 0.0712492 0.0974718
0 0.418805 0.0897602 0.0704623 0.0797388
1 0.94637 0.078701 0.10726 0.157402
1 0.627137 0.128088 0.0742416 0.0801897
0 0.0333098 0.330989 0.0666196 0.0998248
0 0.963436 0.425927 0.0731271 0.130024
0 0.318226 0.862886 0.0634482 0.0832118
0 0.235755 0.337469 0.0631143 0.0732155
1 0.679041 0.0583802 0.111096 0.116423
0 0.329502 0.972638 0.0742911 0.0539024
0 0.222617 0.740241 0.0544866 0.0632581
0 0.0380037 0.9762 0.0750581 0.0466523
0 0.123761 0.978817 0.0911471 0.042366
