0 0.808682 0.488276 0.120972 0.13306
0 0.784783 0.785422 0.111654 0.146429
0 0.907157 0.60602 0.130036 0.16367
0 0.344414 0.835745 0.097875 0.122535
0 0.78374 0.279989 0.111013 0.144974
0 0.779701 0.607596 0.118924 0.136112
0 0.890994 0.944817 0.120937 0.109219
0 0.901286 0.78012 0.124935 0.165075
0 0.966971 0.445504 0.0660585 0.153382
0 0.785119 0.11484 0.110498 0.144306
0 0.788563 0.952594 0.108299 0.0944989
0 0.886161 0.28478 0.101112 0.1373
0 0.899881 0.112675 0.124576 0.157289
1 0.60652 0.532509 0.0899177 0.113975
0 0.0436039 0.137225 0.0847345 0.100715
0 0.764591 0.423543 0.111687 0.122084
1 0.610152 0.75055 0.0662904 0.0760837
1 0.59733 0.840518 0.0802219 0.106559
1 0.246511 0.501176 0.155457 0.153146
0 0.872647 0.422874 0.0960178 0.108036
0 0.137378 0.0300152 0.0812123 0.0594114
0 0.328236 0.129452 0.0724394 0.087946
1 0.61053 0.666473 0.0826664 0.0908511
1 0.598751 0.30027 0.0597711 0.0747056
0 0.974424 0.278566 0.051152 0.143706
1 0.131196 0.694422 0.234092 0.25675
0 0.14852 0.861577 0.0918446 0.098828
0 0.978862 0.944897 0.042277 0.110206
1 0.617122 0.155714 0.0641399 0.0628997
1 0.599396 0.953845 0.0722954 0.0875887
1 0.607588 0.0731815 0.0533395 0.0638319
0 0.982392 0.787319 0.0352159 0.154023
0 0.232358 0.0252258 0.0596155 0.0502259
0 0.319906 0.0214147 0.0748348 0.0421493
0 0.981231 0.615276 0.0375385 0.1518
0 0.979469 0.108105 0.0410621 0.161521
1 0.612611 0.0238036 0.0814175 0.0472424
1 0.599945 0.94145 0.0674898 0.0694473
1 0.0556914 0.613954 0.0851505 0.0985599
1 0.602346 0.224273 0.0538569 0.04968
1 0.167062 0.691817 0.166263 0.250288
0 0.157289 0.270298 0.0582028 0.0647098
1 0.105313 0.523942 0.0914219 0.0959347
0 0.0239965 0.555501 0.0479931 0.0834665
0 0.238881 0.145498 0.0434696 0.0511355
0 0.16119 0.282621 0.0668295 0.0872316
1 0.599727 0.969291 0.0819116 0.0609344
1 0.277092 0.950947 0.029933 0.0398238
0 0.139493 0.14027 0.0549636 0.0612505
0 0.0665397 0.399014 0.0718442 0.0685851
1 0.599533 0.825575 0.0767907 0.0750059
1 0.1673 0.63994 0.157564 0.147377
0 0.808682 0.488276 0.120972 0.13306
0 0.784783 0.785422 0.111654 0.146429
0 0.907157 0.60602 0.130036 0.16367
0 0.344414 0.835745 0.097875 0.122535
0 0.78374 0.279989 0.111013 0.144974
0 0.779701 0.607596 0.118924 0.136112
0 0.890994 0.944817 0.120937 0.109219
0 0.901286 0.78012 0.124935 0.165075
0 0.966971 0.445504 0.0660585 0.153382
0 0.785119 0.11484 0.110498 0.144306
0 0.788563 0.952594 0.108299 0.0944989
0 0.886161 0.28478 0.101112 0.1373
0 0.899881 0.112675 0.124576 0.157289
1 0.60652 0.532509 0.0899177 0.113975
0 0.0436039 0.137225 0.0847345 0.100715
0 0.764591 0.423543 0.111687 0.122084
1 0.610152 0.75055 0.0662904 0.0760837
1 0.59733 0.840518 0.0802219 0.106559
1 0.246511 0.501176 0.155457 0.153146
0 0.872647 0.422874 0.0960178 0.108036
0 0.137378 0.0300152 0.0812123 0.0594114
0 0.328236 0.129452 0.0724394 0.087946
1 0.61053 0.666473 0.0826664 0.0908511
1 0.598751 0.30027 0.0597711 0.0747056
0 0.974424 0.278566 0.051152 0.143706
1 0.131196 0.694422 0.234092 0.25675
0 0.14852 0.861577 0.0918446 0.098828
0 0.978862 0.944897 0.042277 0.110206
1 0.617122 0.155714 0.0641399 0.0628997
1 0.599396 0.953845 0.0722954 0.0875887
1 0.607588 0.0731815 0.0533395 0.0638319
0 0.982392 0.787319 0.0352159 0.154023
0 0.232358 0.0252258 0.0596155 0.0502259
0 0.319906 0.0214147 0.0748348 0.0421493
0 0.981231 0.615276 0.0375385 0.1518
0 0.979469 0.108105 0.0410621 0.161521
1 0.612611 0.0238036 0.0814175 0.0472424
1 0.599945 0.94145 0.0674898 0.0694473
1 0.0556914 0.613954 0.0851505 0.0985599
1 0.602346 0.224273 0.0538569 0.04968
1 0.167062 0.691817 0.166263 0.250288
0 0.157289 0.270298 0.0582028 0.0647098
1 0.105313 0.523942 0.0914219 0.0959347
0 0.0239965 0.555501 0.0479931 0.0834665
0 0.238881 0.145498 0.0434696 0.0511355
0 0.16119 0.282621 0.0668295 0.0872316
1 0.599727 0.969291 0.0819116 0.0609344
1 0.277092 0.950947 0.029933 0.0398238
0 0.139493 0.14027 0.0549636 0.0612505
0 0.0665397 0.399014 0.0718442 0.0685851
1 0.599533 0.825575 0.0767907 0.0750059
1 0.1673 0.63994 0.157564 0.147377
