1 0.375608 0.761652 0.222606 0.258105
0 0.100728 0.20282 0.119163 0.167828
0 0.114691 0.630126 0.119379 0.142026
0 0.231542 0.215328 0.11421 0.150638
0 0.0605755 0.887544 0.107538 0.133505
0 0.223939 0.399228 0.11602 0.144621
0 0.0713178 0.734005 0.0971451 0.114057
0 0.365816 0.103885 0.0475343 0.070818
0 0.206632 0.740857 0.0862552 0.10203
0 0.190623 0.906481 0.0977898 0.120615
0 0.0952035 0.389307 0.0913513 0.107287
1 0.768378 0.828831 0.109037 0.179465
0 0.176033 0.0552374 0.0486453 0.0622908
1 0.653512 0.78021 0.118018 0.1651
0 0.215255 0.566101 0.0739566 0.0938584
0 0.277737 0.0924709 0.0491801 0.068139
0 0.105822 0.0693681 0.0408845 0.0551066
0 0.918592 0.178416 0.0374939 0.0466385
0 0.0182434 0.201372 0.0364868 0.113275
0 0.0852346 0.540496 0.0945786 0.104169
1 0.974813 0.870427 0.0500614 0.0805664
0 0.526063 0.132853 0.0433839 0.0476545
1 0.888518 0.845864 0.112949 0.156955
1 0.276517 0.285865 0.038458 0.0587578
1 0.773041 0.871764 0.0945169 0.0977966
1 0.272409 0.337873 0.0422753 0.0584717
1 0.778255 0.789028 0.0881456 0.093787
0 0.0102745 0.369706 0.0205443 0.128569
0 0.0103846 0.561058 0.0206535 0.14225
1 0.587401 0.830176 0.075675 0.109624
1 0.271957 0.317749 0.0420627 0.0972619
1 0.375608 0.761652 0.222606 0.258105
0 0.100728 0.20282 0.119163 0.167828
0 0.114691 0.630126 0.119379 0.142026
0 0.231542 0.215328 0.11421 0.150638
0 0.0605755 0.887544 0.107538 0.133505
0 0.223939 0.399228 0.11602 0.144621
0 0.0713178 0.734005 0.0971451 0.114057
0 0.365816 0.103885 0.0475343 0.070818
0 0.206632 0.740857 0.0862552 0.10203
0 0.190623 0.906481 0.0977898 0.120615
0 0.0952035 0.389307 0.0913513 0.107287
1 0.768378 0.828831 0.109037 0.179465
0 0.176033 0.0552374 0.0486453 0.0622908
1 0.653512 0.78021 0.118018 0.1651
0 0.215255 0.566101 0.0739566 0.0938584
0 0.277737 0.0924709 0.0491801 0.068139
0 0.105822 0.0693681 0.0408845 0.0551066
0 0.918592 0.178416 0.0374939 0.0466385
0 0.0182434 0.201372 0.0364868 0.113275
0 0.0852346 0.540496 0.0945786 0.104169
1 0.974813 0.870427 0.0500614 0.0805664
0 0.526063 0.132853 0.0433839 0.0476545
1 0.888518 0.845864 0.112949 0.156955
1 0.276517 0.285865 0.038458 0.0587578
1 0.773041 0.871764 0.0945169 0.0977966
1 0.272409 0.337873 0.0422753 0.0584717
1 0.778255 0.789028 0.0881456 0.093787
0 0.0102745 0.369706 0.0205443 0.128569
0 0.0103846 0.561058 0.0206535 0.14225
1 0.587401 0.830176 0.075675 0.109624
1 0.271957 0.317749 0.0420627 0.0972619
