0 0.325457 0.647211 0.101573 0.139917
0 0.0846861 0.421072 0.125667 0.152865
0 0.711763 0.53959 0.110971 0.148516
0 0.487393 0.142203 0.120859 0.16098
0 0.187607 0.796465 0.112934 0.148082
0 0.560727 0.869375 0.10894 0.154237
0 0.574085 0.68496 0.10994 0.15534
0 0.0552777 0.767235 0.104219 0.126668
0 0.0514811 0.936004 0.102901 0.126439
0 0.432373 0.852671 0.116184 0.178653
0 0.329459 0.465029 0.116337 0.148187
0 0.306142 0.83027 0.0907292 0.136205
0 0.679625 0.876174 0.104086 0.13743
0 0.930156 0.922737 0.13934 0.152464
0 0.197758 0.619751 0.0902866 0.122599
0 0.231192 0.288644 0.0808156 0.108396
0 0.210877 0.451361 0.0494617 0.0738307
0 0.697626 0.70281 0.0829599 0.125528
0 0.362011 0.311973 0.0501446 0.0666237
0 0.79991 0.890074 0.0554469 0.0712339
1 0.716432 0.36837 0.082429 0.102256
0 0.968456 0.412317 0.0573986 0.0691021
1 0.137943 0.118105 0.0715132 0.100747
0 0.852634 0.230208 0.0528677 0.0669828
0 0.109274 0.262415 0.0679123 0.0778487
0 0.0870415 0.601474 0.0465283 0.0607529
0 0.976203 0.0708354 0.0475949 0.141028
0 0.634254 0.0394893 0.126412 0.0789786
0 0.441063 0.659116 0.0370519 0.0557101
0 0.547036 0.974994 0.107009 0.0499656
0 0.689226 0.725627 0.0605585 0.0778114
0 0.0163378 0.10089 0.0326202 0.0916478
0 0.591417 0.343874 0.0403187 0.0553895
0 0.0262336 0.101227 0.0523091 0.092225
0 0.611286 0.196717 0.0450332 0.062963
0 0.982438 0.254723 0.0347206 0.0789578
1 0.748012 0.0645931 0.0733825 0.109321
1 0.476841 0.330179 0.0770737 0.0877503
1 0.464429 0.498371 0.0679739 0.075803
0 0.854037 0.0606485 0.0650746 0.0799979
0 0.247862 0.124404 0.0674813 0.0819952
0 0.93686 0.754134 0.0384613 0.0494832
0 0.965007 0.56805 0.0427089 0.0592984
0 0.808243 0.717366 0.034222 0.0445667
0 0.0159847 0.265884 0.0317372 0.048176
0 0.734142 0.209281 0.0378996 0.0514635
0 0.372412 0.146068 0.0420204 0.0642311
0 0.51431 0.0135263 0.069497 0.0270426
0 0.426101 0.988229 0.0650347 0.0235422
0 0.749126 0.0669738 0.0666018 0.102165
0 0.684844 0.985412 0.119808 0.0291763
0 0.58459 0.512108 0.0332098 0.0507015
0 0.947293 0.917225 0.105415 0.141059
0 0.374251 0.0158691 0.0468225 0.0316736
0 0.2576 0.0140875 0.0388917 0.027965
0 0.325457 0.647211 0.101573 0.139917
0 0.0846861 0.421072 0.125667 0.152865
0 0.711763 0.53959 0.110971 0.148516
0 0.487393 0.142203 0.120859 0.16098
0 0.187607 0.796465 0.112934 0.148082
0 0.560727 0.869375 0.10894 0.154237
0 0.574085 0.68496 0.10994 0.15534
0 0.0552777 0.767235 0.104219 0.126668
0 0.0514811 0.936004 0.102901 0.126439
0 0.432373 0.852671 0.116184 0.178653
0 0.329459 0.465029 0.116337 0.148187
0 0.306142 0.83027 0.0907292 0.136205
0 0.679625 0.876174 0.104086 0.13743
0 0.930156 0.922737 0.13934 0.152464
0 0.197758 0.619751 0.0902866 0.122599
0 0.231192 0.288644 0.0808156 0.108396
0 0.210877 0.451361 0.0494617 0.0738307
0 0.697626 0.70281 0.0829599 0.125528
0 0.362011 0.311973 0.0501446 0.0666237
0 0.79991 0.890074 0.0554469 0.0712339
1 0.716432 0.36837 0.082429 0.102256
0 0.968456 0.412317 0.0573986 0.0691021
1 0.137943 0.118105 0.0715132 0.100747
0 0.852634 0.230208 0.0528677 0.0669828
0 0.109274 0.262415 0.0679123 0.0778487
0 0.0870415 0.601474 0.0465283 0.0607529
0 0.976203 0.0708354 0.0475949 0.141028
0 0.634254 0.0394893 0.126412 0.0789786
0 0.441063 0.659116 0.0370519 0.0557101
0 0.547036 0.974994 0.107009 0.0499656
0 0.689226 0.725627 0.0605585 0.0778114
0 0.0163378 0.10089 0.0326202 0.0916478
0 0.591417 0.343874 0.0403187 0.0553895
0 0.0262336 0.101227 0.0523091 0.092225
0 0.611286 0.196717 0.0450332 0.062963
0 0.982438 0.254723 0.0347206 0.0789578
1 0.748012 0.0645931 0.0733825 0.109321
1 0.476841 0.330179 0.0770737 0.0877503
1 0.464429 0.498371 0.0679739 0.075803
0 0.854037 0.0606485 0.0650746 0.0799979
0 0.247862 0.124404 0.0674813 0.0819952
0 0.93686 0.754134 0.0384613 0.0494832
0 0.965007 0.56805 0.0427089 0.0592984
0 0.808243 0.717366 0.034222 0.0445667
0 0.0159847 0.265884 0.0317372 0.048176
0 0.734142 0.209281 0.0378996 0.0514635
0 0.372412 0.146068 0.0420204 0.0642311
0 0.51431 0.0135263 0.069497 0.0270426
0 0.426101 0.988229 0.0650347 0.0235422
0 0.749126 0.0669738 0.0666018 0.102165
0 0.684844 0.985412 0.119808 0.0291763
0 0.58459 0.512108 0.0332098 0.0507015
0 0.947293 0.917225 0.105415 0.141059
0 0.374251 0.0158691 0.0468225 0.0316736
0 0.2576 0.0140875 0.0388917 0.027965
