0 0.608378 0.0937901 0.092178 0.129658
0 0.671182 0.955637 0.0874144 0.0887253
0 0.548449 0.944962 0.107437 0.110077
0 0.163894 0.565542 0.0981077 0.11584
0 0.199941 0.0568223 0.111583 0.112576
0 0.449908 0.421069 0.106498 0.133113
0 0.0465985 0.370489 0.093189 0.1378
0 0.42382 0.938229 0.109217 0.123542
0 0.0548744 0.180828 0.109749 0.16329
0 0.287675 0.593131 0.111539 0.139886
0 0.883789 0.127425 0.103339 0.137071
0 0.966549 0.87736 0.0548647 0.0651825
0 0.192011 0.215378 0.105652 0.133822
0 0.075051 0.0491019 0.100803 0.0981675
0 0.477213 0.072134 0.103912 0.144268
0 0.266257 0.784599 0.06222 0.0783656
0 0.17087 0.378466 0.116067 0.147215
0 0.869218 0.302176 0.102631 0.122552
0 0.859728 0.478251 0.10604 0.148789
0 0.327859 0.238851 0.0989846 0.123919
0 0.71683 0.645577 0.0967403 0.123225
0 0.43288 0.615209 0.105083 0.14054
0 0.965528 0.504979 0.0689446 0.122146
0 0.608873 0.257878 0.105461 0.144363
0 0.302795 0.399734 0.119276 0.145968
0 0.0475553 0.893564 0.0951107 0.132912
0 0.473771 0.249196 0.0978451 0.134024
0 0.789936 0.85142 0.0488749 0.055571
0 0.736627 0.293209 0.108548 0.138199
0 0.337845 0.0626719 0.110508 0.125344
0 0.741604 0.117137 0.0913178 0.123395
0 0.178673 0.909508 0.0991741 0.117157
0 0.733125 0.46129 0.111741 0.13878
0 0.529747 0.820958 0.0455212 0.051119
0 0.300871 0.927592 0.106357 0.127427
0 0.179564 0.760857 0.0503991 0.0629817
0 0.961989 0.681464 0.0760231 0.122524
0 0.579854 0.62579 0.0884358 0.118525
0 0.346635 0.797079 0.0676921 0.0763738
0 0.845949 0.656024 0.0827911 0.101833
0 0.905686 0.885926 0.0417421 0.0573947
0 0.979631 0.324639 0.0407381 0.144209
0 0.0605272 0.766415 0.0433676 0.0579767
0 0.0164456 0.749113 0.0327663 0.0786943
0 0.817923 0.966209 0.122003 0.0671845
0 0.989068 0.140603 0.0218635 0.151654
0 0.76797 0.966351 0.0607265 0.0666204
0 0.944379 0.982487 0.0891155 0.0350267
0 0.608378 0.0937901 0.092178 0.129658
0 0.671182 0.955637 0.0874144 0.0887253
0 0.548449 0.944962 0.107437 0.110077
0 0.163894 0.565542 0.0981077 0.11584
0 0.199941 0.0568223 0.111583 0.112576
0 0.449908 0.421069 0.106498 0.133113
0 0.0465985 0.370489 0.093189 0.1378
0 0.42382 0.938229 0.109217 0.123542
0 0.0548744 0.180828 0.109749 0.16329
0 0.287675 0.593131 0.111539 0.139886
0 0.883789 0.127425 0.103339 0.137071
0 0.966549 0.87736 0.0548647 0.0651825
0 0.192011 0.215378 0.105652 0.133822
0 0.075051 0.0491019 0.100803 0.0981675
0 0.477213 0.072134 0.103912 0.144268
0 0.266257 0.784599 0.06222 0.0783656
0 0.17087 0.378466 0.116067 0.147215
0 0.869218 0.302176 0.102631 0.122552
0 0.859728 0.478251 0.10604 0.148789
0 0.327859 0.238851 0.0989846 0.123919
0 0.71683 0.645577 0.0967403 0.123225
0 0.43288 0.615209 0.105083 0.14054
0 0.965528 0.504979 0.0689446 0.122146
0 0.608873 0.257878 0.105461 0.144363
0 0.302795 0.399734 0.119276 0.145968
0 0.0475553 0.893564 0.0951107 0.132912
0 0.473771 0.249196 0.0978451 0.134024
0 0.789936 0.85142 0.0488749 0.055571
0 0.736627 0.293209 0.108548 0.138199
0 0.337845 0.0626719 0.110508 0.125344
0 0.741604 0.117137 0.0913178 0.123395
0 0.178673 0.909508 0.0991741 0.117157
0 0.733125 0.46129 0.111741 0.13878
0 0.529747 0.820958 0.0455212 0.051119
0 0.300871 0.927592 0.106357 0.127427
0 0.179564 0.760857 0.0503991 0.0629817
0 0.961989 0.681464 0.0760231 0.122524
0 0.579854 0.62579 0.0884358 0.118525
0 0.346635 0.797079 0.0676921 0.0763738
0 0.845949 0.656024 0.0827911 0.101833
0 0.905686 0.885926 0.0417421 0.0573947
0 0.979631 0.324639 0.0407381 0.144209
0 0.0605272 0.766415 0.0433676 0.0579767
0 0.0164456 0.749113 0.0327663 0.0786943
0 0.817923 0.966209 0.122003 0.0671845
0 0.989068 0.140603 0.0218635 0.151654
0 0.76797 0.966351 0.0607265 0.0666204
0 0.944379 0.982487 0.0891155 0.0350267
