0 0.351496 0.276949 0.104134 0.143976
0 0.609891 0.45223 0.113921 0.165748
0 0.936134 0.227777 0.127583 0.172485
0 0.0903519 0.460303 0.119147 0.148245
0 0.799092 0.62707 0.136451 0.1655
0 0.2069 0.457714 0.11293 0.149351
0 0.211369 0.820159 0.133116 0.170847
0 0.933113 0.801764 0.133697 0.168166
0 0.354875 0.632484 0.100569 0.135956
0 0.488173 0.453439 0.120966 0.180887
0 0.777355 0.801838 0.1408 0.17399
0 0.931959 0.618423 0.135477 0.162581
0 0.0846546 0.287217 0.124025 0.150873
0 0.0951038 0.625189 0.129746 0.151243
0 0.619509 0.275924 0.111053 0.153341
0 0.0890745 0.807095 0.115492 0.149826
0 0.624748 0.798134 0.115142 0.156844
0 0.941145 0.411994 0.117711 0.164218
0 0.343597 0.445475 0.111812 0.142571
0 0.0876046 0.95589 0.131066 0.087356
0 0.791114 0.2352 0.13186 0.171279
0 0.753177 0.950732 0.117487 0.098535
0 0.48843 0.282009 0.104538 0.144918
0 0.358591 0.804462 0.123605 0.165609
0 0.795017 0.435214 0.138722 0.163099
0 0.226579 0.958582 0.118717 0.0826584
0 0.623596 0.632083 0.0932766 0.12315
0 0.622304 0.94982 0.109022 0.099631
0 0.357914 0.963663 0.115171 0.0721606
0 0.914744 0.962906 0.163228 0.074188
0 0.972941 0.0599413 0.0540702 0.118961
0 0.0108893 0.825397 0.0215741 0.170792
0 0.0108294 0.463993 0.0216139 0.151803
0 0.00945299 0.292326 0.018906 0.144359
1 0.226827 0.277377 0.0708946 0.0908854
0 0.0981822 0.0508246 0.0828666 0.0996427
0 0.0146372 0.832208 0.0292745 0.174243
0 0.351496 0.276949 0.104134 0.143976
0 0.609891 0.45223 0.113921 0.165748
0 0.936134 0.227777 0.127583 0.172485
0 0.0903519 0.460303 0.119147 0.148245
0 0.799092 0.62707 0.136451 0.1655
0 0.2069 0.457714 0.11293 0.149351
0 0.211369 0.820159 0.133116 0.170847
0 0.933113 0.801764 0.133697 0.168166
0 0.354875 0.632484 0.100569 0.135956
0 0.488173 0.453439 0.120966 0.180887
0 0.777355 0.801838 0.1408 0.17399
0 0.931959 0.618423 0.135477 0.162581
0 0.0846546 0.287217 0.124025 0.150873
0 0.0951038 0.625189 0.129746 0.151243
0 0.619509 0.275924 0.111053 0.153341
0 0.0890745 0.807095 0.115492 0.149826
0 0.624748 0.798134 0.115142 0.156844
0 0.941145 0.411994 0.117711 0.164218
0 0.343597 0.445475 0.111812 0.142571
0 0.0876046 0.95589 0.131066 0.087356
0 0.791114 0.2352 0.13186 0.171279
0 0.753177 0.950732 0.117487 0.098535
0 0.48843 0.282009 0.104538 0.144918
0 0.358591 0.804462 0.123605 0.165609
0 0.795017 0.435214 0.138722 0.163099
0 0.226579 0.958582 0.118717 0.0826584
0 0.623596 0.632083 0.0932766 0.12315
0 0.622304 0.94982 0.109022 0.099631
0 0.357914 0.963663 0.115171 0.0721606
0 0.914744 0.962906 0.163228 0.074188
0 0.972941 0.0599413 0.0540702 0.118961
0 0.0108893 0.825397 0.0215741 0.170792
0 0.0108294 0.463993 0.0216139 0.151803
0 0.00945299 0.292326 0.018906 0.144359
1 0.226827 0.277377 0.0708946 0.0908854
0 0.0981822 0.0508246 0.0828666 0.0996427
0 0.0146372 0.832208 0.0292745 0.174243
