0 0.685651 0.333906 0.115828 0.155497
0 0.52032 0.872614 0.126181 0.162255
0 0.114257 0.662623 0.129869 0.156688
0 0.118324 0.840963 0.123348 0.152074
0 0.936875 0.725534 0.126068 0.158633
0 0.931758 0.370682 0.12761 0.152588
0 0.136274 0.291031 0.123167 0.152239
0 0.383262 0.859585 0.122632 0.162783
0 0.663387 0.896707 0.125418 0.175822
0 0.273089 0.487865 0.121735 0.166724
0 0.543862 0.513488 0.124811 0.163058
0 0.560453 0.154496 0.115572 0.168057
0 0.409372 0.497705 0.118254 0.161231
0 0.557404 0.333902 0.115492 0.155579
0 0.699003 0.150699 0.12842 0.17519
0 0.807195 0.356244 0.120262 0.151356
0 0.801006 0.708271 0.126967 0.15689
0 0.819463 0.188123 0.109898 0.149998
0 0.266493 0.673044 0.122125 0.159475
0 0.674041 0.710643 0.118176 0.153955
0 0.810324 0.532447 0.12621 0.150697
0 0.783649 0.892082 0.119822 0.163738
0 0.156042 0.116956 0.117342 0.156526
0 0.526606 0.692914 0.124908 0.162109
0 0.039407 0.105722 0.0788139 0.154548
0 0.412614 0.316096 0.121647 0.167763
0 0.939589 0.542533 0.120441 0.1505
0 0.915547 0.908407 0.128991 0.165865
0 0.285722 0.317006 0.116647 0.149259
0 0.675491 0.525479 0.127021 0.156781
0 0.251252 0.849047 0.11712 0.156404
0 0.402531 0.688906 0.121451 0.165194
0 0.947145 0.187821 0.105392 0.170584
0 0.124443 0.477474 0.133421 0.165318
0 0.418036 0.12192 0.125309 0.174865
0 0.0333132 0.279525 0.0666264 0.160304
0 0.83619 0.0370303 0.123389 0.0740605
0 0.0253048 0.466085 0.050492 0.155475
0 0.568221 0.0253689 0.109003 0.0506659
0 0.0227066 0.655776 0.0454133 0.165658
0 0.709628 0.0293184 0.122033 0.0586223
0 0.242604 0.973453 0.119084 0.0530941
0 0.0206116 0.830718 0.0412232 0.175032
0 0.37894 0.978252 0.117281 0.0434962
0 0.108533 0.974711 0.122931 0.0505785
0 0.95627 0.035282 0.086398 0.0703221
0 0.381117 0.984503 0.116261 0.0307755
0 0.507516 0.982975 0.105413 0.0340502
0 0.685651 0.333906 0.115828 0.155497
0 0.52032 0.872614 0.126181 0.162255
0 0.114257 0.662623 0.129869 0.156688
0 0.118324 0.840963 0.123348 0.152074
0 0.936875 0.725534 0.126068 0.158633
0 0.931758 0.370682 0.12761 0.152588
0 0.136274 0.291031 0.123167 0.152239
0 0.383262 0.859585 0.122632 0.162783
0 0.663387 0.896707 0.125418 0.175822
0 0.273089 0.487865 0.121735 0.166724
0 0.543862 0.513488 0.124811 0.163058
0 0.560453 0.154496 0.115572 0.168057
0 0.409372 0.497705 0.118254 0.161231
0 0.557404 0.333902 0.115492 0.155579
0 0.699003 0.150699 0.12842 0.17519
0 0.807195 0.356244 0.120262 0.151356
0 0.801006 0.708271 0.126967 0.15689
0 0.819463 0.188123 0.109898 0.149998
0 0.266493 0.673044 0.122125 0.159475
0 0.674041 0.710643 0.118176 0.153955
0 0.810324 0.532447 0.12621 0.150697
0 0.783649 0.892082 0.119822 0.163738
0 0.156042 0.116956 0.117342 0.156526
0 0.526606 0.692914 0.124908 0.162109
0 0.039407 0.105722 0.0788139 0.154548
0 0.412614 0.316096 0.121647 0.167763
0 0.939589 0.542533 0.120441 0.1505
0 0.915547 0.908407 0.128991 0.165865
0 0.285722 0.317006 0.116647 0.149259
0 0.675491 0.525479 0.127021 0.156781
0 0.251252 0.849047 0.11712 0.156404
0 0.402531 0.688906 0.121451 0.165194
0 0.947145 0.187821 0.105392 0.170584
0 0.124443 0.477474 0.133421 0.165318
0 0.418036 0.12192 0.125309 0.174865
0 0.0333132 0.279525 0.0666264 0.160304
0 0.83619 0.0370303 0.123389 0.0740605
0 0.0253048 0.466085 0.050492 0.155475
0 0.568221 0.0253689 0.109003 0.0506659
0 0.0227066 0.655776 0.0454133 0.165658
0 0.709628 0.0293184 0.122033 0.0586223
0 0.242604 0.973453 0.119084 0.0530941
0 0.0206116 0.830718 0.0412232 0.175032
0 0.37894 0.978252 0.117281 0.0434962
0 0.108533 0.974711 0.122931 0.0505785
0 0.95627 0.035282 0.086398 0.0703221
0 0.381117 0.984503 0.116261 0.0307755
0 0.507516 0.982975 0.105413 0.0340502
