0 0.469208 0.935673 0.108743 0.128605
0 0.22031 0.909049 0.124288 0.17298
0 0.371935 0.746344 0.0868356 0.10921
0 0.134026 0.527893 0.125699 0.15358
0 0.252021 0.717579 0.10299 0.133834
0 0.961444 0.871024 0.0763819 0.107314
0 0.524463 0.440653 0.0993742 0.12443
0 0.51251 0.607666 0.0975111 0.126258
0 0.564937 0.0947344 0.10726 0.157904
0 0.0336336 0.507527 0.0672415 0.134371
0 0.382093 0.585788 0.104231 0.136
0 0.812182 0.0349977 0.0789211 0.0699954
0 0.798397 0.154251 0.109251 0.139772
0 0.264002 0.551331 0.085461 0.124338
0 0.424812 0.250999 0.110199 0.15324
0 0.629832 0.634465 0.0904045 0.126281
0 0.442084 0.0843588 0.0865509 0.118126
0 0.209646 0.0546753 0.0791479 0.10383
0 0.857583 0.85249 0.100324 0.125685
0 0.63999 0.462308 0.0860342 0.109247
0 0.0472317 0.352192 0.0944634 0.135368
0 0.0331814 0.676466 0.0663628 0.127915
0 0.681865 0.138878 0.0766131 0.103364
0 0.183744 0.220759 0.0829622 0.107202
0 0.784176 0.327211 0.0769753 0.106677
0 0.925959 0.178513 0.0954766 0.125039
0 0.656596 0.312759 0.0616211 0.0864419
0 0.92771 0.0455179 0.076458 0.0897595
0 0.972789 0.708385 0.0542801 0.116509
0 0.764882 0.49088 0.0842424 0.104752
0 0.546844 0.278094 0.0787932 0.107004
0 0.718014 0.958919 0.10198 0.0819975
0 0.360242 0.905831 0.0497769 0.0657964
0 0.592656 0.959643 0.0596988 0.0756432
0 0.172193 0.3723 0.0476948 0.0582113
0 0.895572 0.365991 0.0527503 0.0677255
0 0.485454 0.767448 0.0527418 0.0661496
0 0.759715 0.481177 0.0975973 0.129968
0 0.616096 0.79022 0.0640764 0.0818082
0 0.144667 0.696531 0.0426856 0.0583279
1 0.132928 0.832175 0.0636976 0.0737015
0 0.487784 0.770042 0.0651472 0.0866468
0 0.857927 0.980187 0.11512 0.0396257
1 0.871105 0.522187 0.033738 0.0369296
0 0.747809 0.66246 0.0351751 0.0495406
1 0.0221277 0.805503 0.0442554 0.11679
0 0.623001 0.790548 0.0476492 0.0767382
0 0.469208 0.935673 0.108743 0.128605
0 0.22031 0.909049 0.124288 0.17298
0 0.371935 0.746344 0.0868356 0.10921
0 0.134026 0.527893 0.125699 0.15358
0 0.252021 0.717579 0.10299 0.133834
0 0.961444 0.871024 0.0763819 0.107314
0 0.524463 0.440653 0.0993742 0.12443
0 0.51251 0.607666 0.0975111 0.126258
0 0.564937 0.0947344 0.10726 0.157904
0 0.0336336 0.507527 0.0672415 0.134371
0 0.382093 0.585788 0.104231 0.136
0 0.812182 0.0349977 0.0789211 0.0699954
0 0.798397 0.154251 0.109251 0.139772
0 0.264002 0.551331 0.085461 0.124338
0 0.424812 0.250999 0.110199 0.15324
0 0.629832 0.634465 0.0904045 0.126281
0 0.442084 0.0843588 0.0865509 0.118126
0 0.209646 0.0546753 0.0791479 0.10383
0 0.857583 0.85249 0.100324 0.125685
0 0.63999 0.462308 0.0860342 0.109247
0 0.0472317 0.352192 0.0944634 0.135368
0 0.0331814 0.676466 0.0663628 0.127915
0 0.681865 0.138878 0.0766131 0.103364
0 0.183744 0.220759 0.0829622 0.107202
0 0.784176 0.327211 0.0769753 0.106677
0 0.925959 0.178513 0.0954766 0.125039
0 0.656596 0.312759 0.0616211 0.0864419
0 0.92771 0.0455179 0.076458 0.0897595
0 0.972789 0.708385 0.0542801 0.116509
0 0.764882 0.49088 0.0842424 0.104752
0 0.546844 0.278094 0.0787932 0.107004
0 0.718014 0.958919 0.10198 0.0819975
0 0.360242 0.905831 0.0497769 0.0657964
0 0.592656 0.959643 0.0596988 0.0756432
0 0.172193 0.3723 0.0476948 0.0582113
0 0.895572 0.365991 0.0527503 0.0677255
0 0.485454 0.767448 0.0527418 0.0661496
0 0.759715 0.481177 0.0975973 0.129968
0 0.616096 0.79022 0.0640764 0.0818082
0 0.144667 0.696531 0.0426856 0.0583279
1 0.132928 0.832175 0.0636976 0.0737015
0 0.487784 0.770042 0.0651472 0.0866468
0 0.857927 0.980187 0.11512 0.0396257
1 0.871105 0.522187 0.033738 0.0369296
0 0.747809 0.66246 0.0351751 0.0495406
1 0.0221277 0.805503 0.0442554 0.11679
0 0.623001 0.790548 0.0476492 0.0767382
