1 0.370251 0.0829667 0.0883898 0.112835
1 0.44044 0.340536 0.0703951 0.0838485
1 0.513692 0.608631 0.078354 0.107102
1 0.0438331 0.755008 0.0876662 0.114271
1 0.693607 0.647411 0.088274 0.139187
1 0.0281714 0.0372028 0.0561596 0.0744056
1 0.328506 0.565518 0.0861378 0.115747
1 0.948526 0.947943 0.101616 0.103074
1 0.405679 0.836902 0.0780246 0.102786
1 0.571804 0.858059 0.0715094 0.101328
1 0.882046 0.682205 0.0688331 0.0901031
1 0.735474 0.156319 0.0528599 0.0678333
1 0.804611 0.408765 0.0801504 0.0996264
1 0.968849 0.448511 0.0621902 0.106523
1 0.909834 0.195143 0.0637798 0.0810691
1 0.187455 0.0510155 0.0689592 0.0744072
1 0.771362 0.921491 0.0587675 0.0800888
1 0.14097 0.539646 0.0509339 0.0734205
0 0.924228 0.0719335 0.0811234 0.0856877
1 0.227566 0.757184 0.02725 0.0346249
1 0.370251 0.0829667 0.0883898 0.112835
1 0.44044 0.340536 0.0703951 0.0838485
1 0.513692 0.608631 0.078354 0.107102
1 0.0438331 0.755008 0.0876662 0.114271
1 0.693607 0.647411 0.088274 0.139187
1 0.0281714 0.0372028 0.0561596 0.0744056
1 0.328506 0.565518 0.0861378 0.115747
1 0.948526 0.947943 0.101616 0.103074
1 0.405679 0.836902 0.0780246 0.102786
1 0.571804 0.858059 0.0715094 0.101328
1 0.882046 0.682205 0.0688331 0.0901031
1 0.735474 0.156319 0.0528599 0.0678333
1 0.804611 0.408765 0.0801504 0.0996264
1 0.968849 0.448511 0.0621902 0.106523
1 0.909834 0.195143 0.0637798 0.0810691
1 0.187455 0.0510155 0.0689592 0.0744072
1 0.771362 0.921491 0.0587675 0.0800888
1 0.14097 0.539646 0.0509339 0.0734205
0 0.924228 0.0719335 0.0811234 0.0856877
1 0.227566 0.757184 0.02725 0.0346249
