0 0.851651 0.259795 0.076807 0.0960029
0 0.68952 0.107199 0.0779199 0.105001
0 0.745143 0.59111 0.0790615 0.0978785
0 0.219738 0.514011 0.0795266 0.0915724
0 0.036509 0.608788 0.073018 0.0970462
0 0.939891 0.380564 0.0896895 0.109816
0 0.0301221 0.838525 0.0602442 0.104285
0 0.514324 0.0927145 0.0697674 0.103577
0 0.667972 0.458862 0.0672178 0.0840234
0 0.105006 0.853652 0.0798861 0.0943535
0 0.430812 0.0766492 0.0691947 0.0925817
0 0.765698 0.356325 0.0708058 0.0945917
0 0.291414 0.760735 0.0797976 0.092641
0 0.34363 0.0666979 0.0725548 0.097039
0 0.732882 0.706619 0.0675983 0.073496
0 0.817606 0.832343 0.0731356 0.0933329
0 0.976128 0.860881 0.0477448 0.082322
0 0.47577 0.676072 0.0722668 0.0805627
0 0.257269 0.167991 0.0622627 0.0771442
0 0.868236 0.126165 0.0893753 0.114665
0 0.166747 0.159222 0.0619031 0.0807382
0 0.91486 0.610095 0.0677304 0.084275
0 0.389111 0.659401 0.0567423 0.0716505
0 0.132588 0.502633 0.0705106 0.0842809
0 0.669348 0.344967 0.0658903 0.0833467
0 0.849633 0.37222 0.0685257 0.0870402
0 0.64858 0.70352 0.0750484 0.0935351
0 0.341619 0.184474 0.0598709 0.0738055
0 0.905629 0.853091 0.0837771 0.105377
0 0.372973 0.885968 0.0713443 0.0926833
0 0.653359 0.578481 0.0611183 0.0769221
0 0.157676 0.268975 0.0657495 0.0731426
0 0.125538 0.727029 0.0593685 0.0684651
0 0.208978 0.743747 0.0737258 0.0811307
0 0.331608 0.296008 0.0638733 0.0756036
0 0.812537 0.956927 0.0884886 0.08613
0 0.584861 0.33257 0.0646454 0.0850954
0 0.483493 0.555708 0.0552079 0.0723054
0 0.091201 0.0384984 0.0819974 0.076864
0 0.561602 0.688132 0.055854 0.0730458
0 0.277461 0.974229 0.0771731 0.0515424
0 0.763221 0.242155 0.0645787 0.0833119
0 0.979997 0.745672 0.0392933 0.0619975
0 0.495085 0.441333 0.0580797 0.0734877
0 0.318862 0.409011 0.0541951 0.0724807
0 0.544565 0.914379 0.0609873 0.0767403
0 0.234973 0.398956 0.0596852 0.0723925
0 0.4228 0.195075 0.0652103 0.0864347
0 0.577739 0.451942 0.0577162 0.0733973
0 0.132183 0.615185 0.0719575 0.081842
0 0.97344 0.968456 0.0524571 0.0630887
0 0.0685432 0.378117 0.0499974 0.0603036
0 0.0245079 0.0373022 0.0490157 0.0704957
0 0.198925 0.972204 0.0529909 0.0555224
0 0.0921995 0.154358 0.0516916 0.0629371
0 0.461662 0.900278 0.0582211 0.076057
0 0.903175 0.733147 0.0590316 0.0688891
0 0.0442104 0.717635 0.0593887 0.0704989
0 0.291474 0.870589 0.0515365 0.0631106
0 0.639498 0.81391 0.0584644 0.0746704
0 0.152689 0.39191 0.0472097 0.054785
0 0.387613 0.767043 0.0528677 0.0682279
1 0.90757 0.499342 0.0501438 0.0642173
1 0.597745 0.122052 0.062847 0.0808133
0 0.892356 0.966268 0.0520354 0.0656768
0 0.571361 0.569076 0.0503261 0.0614432
0 0.261382 0.0537299 0.0645237 0.0845607
0 0.472928 0.780969 0.0496037 0.057086
0 0.248841 0.282099 0.0524237 0.0632278
0 0.556375 0.800386 0.0500702 0.0632131
0 0.744871 0.467363 0.0486238 0.0589943
0 0.01793 0.14243 0.0356892 0.0614286
1 0.676537 0.241767 0.056497 0.0746393
1 0.936681 0.0532062 0.054754 0.0815787
0 0.312167 0.646689 0.0538131 0.0634666
0 0.821541 0.601992 0.0470302 0.0524637
0 0.363839 0.98106 0.0643783 0.0378795
0 0.861015 0.037716 0.0426541 0.0500652
0 0.766494 0.139254 0.0489694 0.0613381
1 0.0332432 0.937429 0.039016 0.0429857
0 0.686776 0.022926 0.0456465 0.0457117
0 0.773105 0.0369584 0.0631518 0.0739168
0 0.397956 0.537819 0.0444915 0.0575818
0 0.984264 0.508067 0.0314725 0.116274
1 0.931227 0.166286 0.046353 0.0589306
0 0.990181 0.274279 0.0196388 0.067878
1 0.606278 0.0223297 0.047315 0.0445438
1 0.420205 0.316659 0.0365402 0.0453669
0 0.0438892 0.494555 0.0567053 0.0632902
0 0.991403 0.278261 0.0171949 0.0960781
1 0.826827 0.500383 0.045043 0.0480485
1 0.508239 0.213328 0.0508528 0.0567764
1 0.593615 0.2267 0.0600091 0.0678691
1 0.773695 0.0370515 0.0666391 0.074103
1 0.921632 0.271299 0.0397482 0.0544406
1 0.989378 0.0606017 0.02108 0.0711547
1 0.0862666 0.272682 0.0455943 0.0660689
1 0.498536 0.324029 0.0434362 0.052928
0 0.99207 0.381189 0.0158598 0.126211
0 0.722251 0.823168 0.0448017 0.0643667
0 0.851651 0.259795 0.076807 0.0960029
0 0.68952 0.107199 0.0779199 0.105001
0 0.745143 0.59111 0.0790615 0.0978785
0 0.219738 0.514011 0.0795266 0.0915724
0 0.036509 0.608788 0.073018 0.0970462
0 0.939891 0.380564 0.0896895 0.109816
0 0.0301221 0.838525 0.0602442 0.104285
0 0.514324 0.0927145 0.0697674 0.103577
0 0.667972 0.458862 0.0672178 0.0840234
0 0.105006 0.853652 0.0798861 0.0943535
0 0.430812 0.0766492 0.0691947 0.0925817
0 0.765698 0.356325 0.0708058 0.0945917
0 0.291414 0.760735 0.0797976 0.092641
0 0.34363 0.0666979 0.0725548 0.097039
0 0.732882 0.706619 0.0675983 0.073496
0 0.817606 0.832343 0.0731356 0.0933329
0 0.976128 0.860881 0.0477448 0.082322
0 0.47577 0.676072 0.0722668 0.0805627
0 0.257269 0.167991 0.0622627 0.0771442
0 0.868236 0.126165 0.0893753 0.114665
0 0.166747 0.159222 0.0619031 0.0807382
0 0.91486 0.610095 0.0677304 0.084275
0 0.389111 0.659401 0.0567423 0.0716505
0 0.132588 0.502633 0.0705106 0.0842809
0 0.669348 0.344967 0.0658903 0.0833467
0 0.849633 0.37222 0.0685257 0.0870402
0 0.64858 0.70352 0.0750484 0.0935351
0 0.341619 0.184474 0.0598709 0.0738055
0 0.905629 0.853091 0.0837771 0.105377
0 0.372973 0.885968 0.0713443 0.0926833
0 0.653359 0.578481 0.0611183 0.0769221
0 0.157676 0.268975 0.0657495 0.0731426
0 0.125538 0.727029 0.0593685 0.0684651
0 0.208978 0.743747 0.0737258 0.0811307
0 0.331608 0.296008 0.0638733 0.0756036
0 0.812537 0.956927 0.0884886 0.08613
0 0.584861 0.33257 0.0646454 0.0850954
0 0.483493 0.555708 0.0552079 0.0723054
0 0.091201 0.0384984 0.0819974 0.076864
0 0.561602 0.688132 0.055854 0.0730458
0 0.277461 0.974229 0.0771731 0.0515424
0 0.763221 0.242155 0.0645787 0.0833119
0 0.979997 0.745672 0.0392933 0.0619975
0 0.495085 0.441333 0.0580797 0.0734877
0 0.318862 0.409011 0.0541951 0.0724807
0 0.544565 0.914379 0.0609873 0.0767403
0 0.234973 0.398956 0.0596852 0.0723925
0 0.4228 0.195075 0.0652103 0.0864347
0 0.577739 0.451942 0.0577162 0.0733973
0 0.132183 0.615185 0.0719575 0.081842
0 0.97344 0.968456 0.0524571 0.0630887
0 0.0685432 0.378117 0.0499974 0.0603036
0 0.0245079 0.0373022 0.0490157 0.0704957
0 0.198925 0.972204 0.0529909 0.0555224
0 0.0921995 0.154358 0.0516916 0.0629371
0 0.461662 0.900278 0.0582211 0.076057
0 0.903175 0.733147 0.0590316 0.0688891
0 0.0442104 0.717635 0.0593887 0.0704989
0 0.291474 0.870589 0.0515365 0.0631106
0 0.639498 0.81391 0.0584644 0.0746704
0 0.152689 0.39191 0.0472097 0.054785
0 0.387613 0.767043 0.0528677 0.0682279
1 0.90757 0.499342 0.0501438 0.0642173
1 0.597745 0.122052 0.062847 0.0808133
0 0.892356 0.966268 0.0520354 0.0656768
0 0.571361 0.569076 0.0503261 0.0614432
0 0.261382 0.0537299 0.0645237 0.0845607
0 0.472928 0.780969 0.0496037 0.057086
0 0.248841 0.282099 0.0524237 0.0632278
0 0.556375 0.800386 0.0500702 0.0632131
0 0.744871 0.467363 0.0486238 0.0589943
0 0.01793 0.14243 0.0356892 0.0614286
1 0.676537 0.241767 0.056497 0.0746393
1 0.936681 0.0532062 0.054754 0.0815787
0 0.312167 0.646689 0.0538131 0.0634666
0 0.821541 0.601992 0.0470302 0.0524637
0 0.363839 0.98106 0.0643783 0.0378795
0 0.861015 0.037716 0.0426541 0.0500652
0 0.766494 0.139254 0.0489694 0.0613381
1 0.0332432 0.937429 0.039016 0.0429857
0 0.686776 0.022926 0.0456465 0.0457117
0 0.773105 0.0369584 0.0631518 0.0739168
0 0.397956 0.537819 0.0444915 0.0575818
0 0.984264 0.508067 0.0314725 0.116274
1 0.931227 0.166286 0.046353 0.0589306
0 0.990181 0.274279 0.0196388 0.067878
1 0.606278 0.0223297 0.047315 0.0445438
1 0.420205 0.316659 0.0365402 0.0453669
0 0.0438892 0.494555 0.0567053 0.0632902
0 0.991403 0.278261 0.0171949 0.0960781
1 0.826827 0.500383 0.045043 0.0480485
1 0.508239 0.213328 0.0508528 0.0567764
1 0.593615 0.2267 0.0600091 0.0678691
1 0.773695 0.0370515 0.0666391 0.074103
1 0.921632 0.271299 0.0397482 0.0544406
1 0.989378 0.0606017 0.02108 0.0711547
1 0.0862666 0.272682 0.0455943 0.0660689
1 0.498536 0.324029 0.0434362 0.052928
0 0.99207 0.381189 0.0158598 0.126211
0 0.722251 0.823168 0.0448017 0.0643667
