0 0.274432 0.16112 0.0951934 0.129011
0 0.350076 0.602682 0.104158 0.130538
0 0.750365 0.804457 0.0929478 0.128276
0 0.601722 0.0562844 0.0936912 0.112569
0 0.145902 0.256557 0.103436 0.12696
0 0.385647 0.0496954 0.0986562 0.0993908
0 0.483509 0.195709 0.0799463 0.115257
0 0.702031 0.0970447 0.084668 0.113021
0 0.657066 0.797168 0.0907137 0.122927
0 0.777267 0.528269 0.0890903 0.113471
0 0.0568815 0.142888 0.107838 0.127277
0 0.159599 0.137454 0.102082 0.126363
0 0.160439 0.433838 0.0973595 0.114886
0 0.77095 0.66248 0.0913342 0.110371
0 0.885344 0.689533 0.114082 0.133243
0 0.795835 0.385898 0.0980515 0.119766
0 0.363961 0.466675 0.0852767 0.112768
0 0.0372331 0.846128 0.0744661 0.114858
0 0.675797 0.372123 0.0845482 0.111103
0 0.468219 0.479383 0.0871933 0.115591
0 0.258199 0.446899 0.0927654 0.113085
0 0.354357 0.314426 0.0898643 0.12148
0 0.489734 0.0595114 0.0905216 0.119023
0 0.561593 0.494406 0.0995659 0.129545
0 0.473093 0.345282 0.0984085 0.138258
0 0.325591 0.897485 0.0882493 0.122958
0 0.277503 0.0437824 0.092398 0.0874078
0 0.536981 0.929764 0.102428 0.139201
0 0.869567 0.541395 0.0976517 0.121784
0 0.900045 0.119812 0.105056 0.129285
0 0.387045 0.183351 0.10163 0.137457
0 0.661107 0.506704 0.0882385 0.115772
0 0.446354 0.754971 0.0785717 0.10953
0 0.23602 0.591273 0.0964327 0.120261
0 0.693291 0.222979 0.0864504 0.116587
0 0.458319 0.61717 0.0989073 0.12897
0 0.755866 0.943184 0.0921257 0.113632
0 0.122211 0.841818 0.0946239 0.119478
0 0.265488 0.309583 0.092378 0.118254
0 0.229392 0.722286 0.096079 0.117408
0 0.860776 0.948912 0.108631 0.102176
0 0.0478403 0.431288 0.0956806 0.124068
0 0.862174 0.818114 0.106889 0.126008
0 0.0454831 0.547719 0.0908094 0.113588
0 0.139629 0.575183 0.105222 0.14712
0 0.967985 0.703507 0.0640309 0.127082
0 0.054748 0.290676 0.109094 0.150077
0 0.811774 0.0879147 0.097318 0.138925
0 0.886449 0.394059 0.0856951 0.103348
0 0.968883 0.560837 0.0622349 0.115281
0 0.254225 0.917843 0.0799116 0.104185
0 0.177807 0.03939 0.100633 0.0786752
0 0.665818 0.643108 0.0827461 0.105931
0 0.976403 0.416788 0.0471944 0.120752
0 0.657608 0.910975 0.0867952 0.102623
0 0.111713 0.961803 0.107735 0.0754923
0 0.0360802 0.956275 0.0720308 0.0870627
0 0.905646 0.023989 0.0895969 0.0476512
0 0.981625 0.263042 0.0367468 0.118487
0 0.913821 0.286077 0.0995579 0.101696
0 0.0756448 0.623964 0.0700074 0.0871066
0 0.648821 0.924715 0.10475 0.13366
0 0.438252 0.97338 0.0979939 0.0528592
0 0.881897 0.256727 0.0885474 0.123108
0 0.0879513 0.0294568 0.0896084 0.0588079
0 0.361284 0.765687 0.0975752 0.113504
0 0.633218 0.965285 0.0944869 0.0687025
0 0.347281 0.759636 0.125558 0.140644
0 0.32323 0.983157 0.091619 0.0336856
0 0.375756 0.762111 0.0684874 0.0969723
0 0.18048 0.904061 0.0845193 0.0855746
0 0.901101 0.274339 0.126987 0.125722
0 0.242519 0.828448 0.106075 0.099673
0 0.212113 0.97717 0.10611 0.0456601
0 0.81189 0.0163235 0.0988192 0.032647
0 0.327383 0.726622 0.103099 0.130103
0 0.934956 0.280809 0.0579901 0.0823143
0 0.328753 0.80125 0.0613007 0.0644152
0 0.340613 0.739797 0.130069 0.156815
0 0.709054 0.0134728 0.0921566 0.0269456
0 0.925029 0.284934 0.0786712 0.0911864
0 0.984854 0.0962477 0.0302923 0.0927868
0 0.313998 0.717052 0.0785626 0.110247
0 0.274432 0.16112 0.0951934 0.129011
0 0.350076 0.602682 0.104158 0.130538
0 0.750365 0.804457 0.0929478 0.128276
0 0.601722 0.0562844 0.0936912 0.112569
0 0.145902 0.256557 0.103436 0.12696
0 0.385647 0.0496954 0.0986562 0.0993908
0 0.483509 0.195709 0.0799463 0.115257
0 0.702031 0.0970447 0.084668 0.113021
0 0.657066 0.797168 0.0907137 0.122927
0 0.777267 0.528269 0.0890903 0.113471
0 0.0568815 0.142888 0.107838 0.127277
0 0.159599 0.137454 0.102082 0.126363
0 0.160439 0.433838 0.0973595 0.114886
0 0.77095 0.66248 0.0913342 0.110371
0 0.885344 0.689533 0.114082 0.133243
0 0.795835 0.385898 0.0980515 0.119766
0 0.363961 0.466675 0.0852767 0.112768
0 0.0372331 0.846128 0.0744661 0.114858
0 0.675797 0.372123 0.0845482 0.111103
0 0.468219 0.479383 0.0871933 0.115591
0 0.258199 0.446899 0.0927654 0.113085
0 0.354357 0.314426 0.0898643 0.12148
0 0.489734 0.0595114 0.0905216 0.119023
0 0.561593 0.494406 0.0995659 0.129545
0 0.473093 0.345282 0.0984085 0.138258
0 0.325591 0.897485 0.0882493 0.122958
0 0.277503 0.0437824 0.092398 0.0874078
0 0.536981 0.929764 0.102428 0.139201
0 0.869567 0.541395 0.0976517 0.121784
0 0.900045 0.119812 0.105056 0.129285
0 0.387045 0.183351 0.10163 0.137457
0 0.661107 0.506704 0.0882385 0.115772
0 0.446354 0.754971 0.0785717 0.10953
0 0.23602 0.591273 0.0964327 0.120261
0 0.693291 0.222979 0.0864504 0.116587
0 0.458319 0.61717 0.0989073 0.12897
0 0.755866 0.943184 0.0921257 0.113632
0 0.122211 0.841818 0.0946239 0.119478
0 0.265488 0.309583 0.092378 0.118254
0 0.229392 0.722286 0.096079 0.117408
0 0.860776 0.948912 0.108631 0.102176
0 0.0478403 0.431288 0.0956806 0.124068
0 0.862174 0.818114 0.106889 0.126008
0 0.0454831 0.547719 0.0908094 0.113588
0 0.139629 0.575183 0.105222 0.14712
0 0.967985 0.703507 0.0640309 0.127082
0 0.054748 0.290676 0.109094 0.150077
0 0.811774 0.0879147 0.097318 0.138925
0 0.886449 0.394059 0.0856951 0.103348
0 0.968883 0.560837 0.0622349 0.115281
0 0.254225 0.917843 0.0799116 0.104185
0 0.177807 0.03939 0.100633 0.0786752
0 0.665818 0.643108 0.0827461 0.105931
0 0.976403 0.416788 0.0471944 0.120752
0 0.657608 0.910975 0.0867952 0.102623
0 0.111713 0.961803 0.107735 0.0754923
0 0.0360802 0.956275 0.0720308 0.0870627
0 0.905646 0.023989 0.0895969 0.0476512
0 0.981625 0.263042 0.0367468 0.118487
0 0.913821 0.286077 0.0995579 0.101696
0 0.0756448 0.623964 0.0700074 0.0871066
0 0.648821 0.924715 0.10475 0.13366
0 0.438252 0.97338 0.0979939 0.0528592
0 0.881897 0.256727 0.0885474 0.123108
0 0.0879513 0.0294568 0.0896084 0.0588079
0 0.361284 0.765687 0.0975752 0.113504
0 0.633218 0.965285 0.0944869 0.0687025
0 0.347281 0.759636 0.125558 0.140644
0 0.32323 0.983157 0.091619 0.0336856
0 0.375756 0.762111 0.0684874 0.0969723
0 0.18048 0.904061 0.0845193 0.0855746
0 0.901101 0.274339 0.126987 0.125722
0 0.242519 0.828448 0.106075 0.099673
0 0.212113 0.97717 0.10611 0.0456601
0 0.81189 0.0163235 0.0988192 0.032647
0 0.327383 0.726622 0.103099 0.130103
0 0.934956 0.280809 0.0579901 0.0823143
0 0.328753 0.80125 0.0613007 0.0644152
0 0.340613 0.739797 0.130069 0.156815
0 0.709054 0.0134728 0.0921566 0.0269456
0 0.925029 0.284934 0.0786712 0.0911864
0 0.984854 0.0962477 0.0302923 0.0927868
0 0.313998 0.717052 0.0785626 0.110247
