0 0.753116 0.643731 0.105773 0.139532
0 0.204776 0.263233 0.132263 0.166346
0 0.34707 0.0910103 0.0972182 0.137432
0 0.0877408 0.0955091 0.123963 0.174753
0 0.931717 0.222777 0.136181 0.161858
0 0.768297 0.234343 0.130513 0.170678
0 0.617628 0.444463 0.104033 0.144342
0 0.22251 0.447699 0.11153 0.148476
0 0.625066 0.61857 0.112096 0.155888
0 0.623672 0.793648 0.122488 0.16725
0 0.0823814 0.277141 0.109431 0.14581
0 0.349057 0.456379 0.104555 0.140105
0 0.622157 0.942546 0.114245 0.113449
0 0.756176 0.939142 0.123132 0.121098
0 0.0776881 0.62741 0.125173 0.148205
0 0.349366 0.805573 0.139317 0.177249
0 0.616582 0.265781 0.108615 0.146526
0 0.747792 0.445148 0.10849 0.143018
0 0.499339 0.941885 0.116963 0.115319
0 0.786784 0.0665155 0.126767 0.133031
0 0.91421 0.451107 0.149097 0.160784
0 0.484369 0.62462 0.109899 0.146664
0 0.900682 0.944535 0.131976 0.110845
0 0.0779714 0.453893 0.122733 0.146532
0 0.922831 0.066703 0.136579 0.133406
0 0.348307 0.618036 0.111685 0.152695
0 0.880008 0.623561 0.117018 0.145624
0 0.348052 0.257514 0.11156 0.151358
0 0.223864 0.944201 0.126554 0.111284
0 0.613783 0.0920722 0.0863588 0.142565
0 0.486468 0.786341 0.0348927 0.0516835
0 0.884545 0.791617 0.0531571 0.069517
0 0.743084 0.776221 0.0473852 0.0574062
0 0.986898 0.945064 0.0262051 0.108863
0 0.989932 0.790745 0.0201367 0.152808
1 0.225493 0.114308 0.0774366 0.0875342
0 0.989585 0.619099 0.0208306 0.15581
0 0.99039 0.942105 0.019221 0.11579
0 0.48109 0.012073 0.101541 0.0241295
0 0.753116 0.643731 0.105773 0.139532
0 0.204776 0.263233 0.132263 0.166346
0 0.34707 0.0910103 0.0972182 0.137432
0 0.0877408 0.0955091 0.123963 0.174753
0 0.931717 0.222777 0.136181 0.161858
0 0.768297 0.234343 0.130513 0.170678
0 0.617628 0.444463 0.104033 0.144342
0 0.22251 0.447699 0.11153 0.148476
0 0.625066 0.61857 0.112096 0.155888
0 0.623672 0.793648 0.122488 0.16725
0 0.0823814 0.277141 0.109431 0.14581
0 0.349057 0.456379 0.104555 0.140105
0 0.622157 0.942546 0.114245 0.113449
0 0.756176 0.939142 0.123132 0.121098
0 0.0776881 0.62741 0.125173 0.148205
0 0.349366 0.805573 0.139317 0.177249
0 0.616582 0.265781 0.108615 0.146526
0 0.747792 0.445148 0.10849 0.143018
0 0.499339 0.941885 0.116963 0.115319
0 0.786784 0.0665155 0.126767 0.133031
0 0.91421 0.451107 0.149097 0.160784
0 0.484369 0.62462 0.109899 0.146664
0 0.900682 0.944535 0.131976 0.110845
0 0.0779714 0.453893 0.122733 0.146532
0 0.922831 0.066703 0.136579 0.133406
0 0.348307 0.618036 0.111685 0.152695
0 0.880008 0.623561 0.117018 0.145624
0 0.348052 0.257514 0.11156 0.151358
0 0.223864 0.944201 0.126554 0.111284
0 0.613783 0.0920722 0.0863588 0.142565
0 0.486468 0.786341 0.0348927 0.0516835
0 0.884545 0.791617 0.0531571 0.069517
0 0.743084 0.776221 0.0473852 0.0574062
0 0.986898 0.945064 0.0262051 0.108863
0 0.989932 0.790745 0.0201367 0.152808
1 0.225493 0.114308 0.0774366 0.0875342
0 0.989585 0.619099 0.0208306 0.15581
0 0.99039 0.942105 0.019221 0.11579
0 0.48109 0.012073 0.101541 0.0241295
