0 0.223846 0.848236 0.115081 0.147993
0 0.37985 0.161034 0.106135 0.140444
0 0.125355 0.155328 0.119932 0.144518
0 0.24687 0.659511 0.1235 0.178383
0 0.10721 0.491848 0.126043 0.146136
0 0.624792 0.328656 0.10131 0.139038
0 0.370613 0.501434 0.107924 0.14079
0 0.622775 0.67801 0.109547 0.157082
0 0.3777 0.326553 0.113902 0.144385
0 0.114817 0.325812 0.117696 0.152123
0 0.242486 0.316646 0.108652 0.141538
0 0.767274 0.512271 0.122866 0.163771
0 0.0953264 0.829441 0.112142 0.147492
0 0.755716 0.847275 0.115944 0.146481
0 0.751247 0.334977 0.109594 0.137191
0 0.875693 0.341927 0.117214 0.149572
0 0.622811 0.861973 0.120936 0.156458
0 0.250796 0.154153 0.112598 0.139834
0 0.749615 0.176463 0.113091 0.140318
0 0.622585 0.503436 0.105745 0.145503
0 0.898168 0.87804 0.137031 0.173421
0 0.890831 0.510024 0.12657 0.160842
0 0.878832 0.173926 0.129253 0.158995
0 0.749821 0.683421 0.118158 0.162898
0 0.481819 0.855882 0.111878 0.149539
0 0.621045 0.166435 0.112818 0.154098
0 0.505887 0.320297 0.112022 0.148021
0 0.502853 0.159068 0.0855118 0.106575
0 0.756051 0.0384283 0.119766 0.0768567
0 0.889053 0.0426308 0.123023 0.0852615
0 0.625508 0.0389608 0.109275 0.0776931
0 0.861287 0.672279 0.0926409 0.138401
0 0.126246 0.0281957 0.126551 0.0562462
0 0.507787 0.0365386 0.108466 0.0730636
0 0.253823 0.0336257 0.12221 0.0671698
0 0.0321945 0.142361 0.0643721 0.135335
0 0.231359 0.962253 0.106741 0.0746437
0 0.972814 0.183335 0.0543724 0.14829
0 0.0206367 0.49379 0.0412733 0.144154
0 0.0221689 0.658723 0.0443355 0.150322
0 0.0185684 0.813352 0.0371368 0.140189
0 0.973913 0.687848 0.0521736 0.156083
0 0.357356 0.964863 0.107583 0.0702549
0 0.972684 0.0444272 0.0546039 0.0885238
0 0.387154 0.032785 0.104534 0.0653339
0 0.976753 0.516932 0.0464939 0.178883
0 0.492107 0.969003 0.10247 0.0617727
0 0.621588 0.96889 0.123962 0.062217
0 0.0181633 0.324629 0.0362639 0.150419
0 0.0216774 0.952052 0.0432415 0.094901
0 0.0307169 0.0313179 0.0611211 0.0623443
0 0.872863 0.975977 0.128258 0.0480454
0 0.980382 0.885848 0.0391564 0.157842
0 0.96834 0.359323 0.057547 0.0701744
0 0.750945 0.981765 0.118578 0.0364696
0 0.240845 0.473092 0.0355547 0.0455533
0 0.121507 0.66716 0.0375178 0.0553381
0 0.223846 0.848236 0.115081 0.147993
0 0.37985 0.161034 0.106135 0.140444
0 0.125355 0.155328 0.119932 0.144518
0 0.24687 0.659511 0.1235 0.178383
0 0.10721 0.491848 0.126043 0.146136
0 0.624792 0.328656 0.10131 0.139038
0 0.370613 0.501434 0.107924 0.14079
0 0.622775 0.67801 0.109547 0.157082
0 0.3777 0.326553 0.113902 0.144385
0 0.114817 0.325812 0.117696 0.152123
0 0.242486 0.316646 0.108652 0.141538
0 0.767274 0.512271 0.122866 0.163771
0 0.0953264 0.829441 0.112142 0.147492
0 0.755716 0.847275 0.115944 0.146481
0 0.751247 0.334977 0.109594 0.137191
0 0.875693 0.341927 0.117214 0.149572
0 0.622811 0.861973 0.120936 0.156458
0 0.250796 0.154153 0.112598 0.139834
0 0.749615 0.176463 0.113091 0.140318
0 0.622585 0.503436 0.105745 0.145503
0 0.898168 0.87804 0.137031 0.173421
0 0.890831 0.510024 0.12657 0.160842
0 0.878832 0.173926 0.129253 0.158995
0 0.749821 0.683421 0.118158 0.162898
0 0.481819 0.855882 0.111878 0.149539
0 0.621045 0.166435 0.112818 0.154098
0 0.505887 0.320297 0.112022 0.148021
0 0.502853 0.159068 0.0855118 0.106575
0 0.756051 0.0384283 0.119766 0.0768567
0 0.889053 0.0426308 0.123023 0.0852615
0 0.625508 0.0389608 0.109275 0.0776931
0 0.861287 0.672279 0.0926409 0.138401
0 0.126246 0.0281957 0.126551 0.0562462
0 0.507787 0.0365386 0.108466 0.0730636
0 0.253823 0.0336257 0.12221 0.0671698
0 0.0321945 0.142361 0.0643721 0.135335
0 0.231359 0.962253 0.106741 0.0746437
0 0.972814 0.183335 0.0543724 0.14829
0 0.0206367 0.49379 0.0412733 0.144154
0 0.0221689 0.658723 0.0443355 0.150322
0 0.0185684 0.813352 0.0371368 0.140189
0 0.973913 0.687848 0.0521736 0.156083
0 0.357356 0.964863 0.107583 0.0702549
0 0.972684 0.0444272 0.0546039 0.0885238
0 0.387154 0.032785 0.104534 0.0653339
0 0.976753 0.516932 0.0464939 0.178883
0 0.492107 0.969003 0.10247 0.0617727
0 0.621588 0.96889 0.123962 0.062217
0 0.0181633 0.324629 0.0362639 0.150419
0 0.0216774 0.952052 0.0432415 0.094901
0 0.0307169 0.0313179 0.0611211 0.0623443
0 0.872863 0.975977 0.128258 0.0480454
0 0.980382 0.885848 0.0391564 0.157842
0 0.96834 0.359323 0.057547 0.0701744
0 0.750945 0.981765 0.118578 0.0364696
0 0.240845 0.473092 0.0355547 0.0455533
0 0.121507 0.66716 0.0375178 0.0553381
