1 0.253782 0.863707 0.0974612 0.127532
1 0.163389 0.583042 0.0908636 0.107515
1 0.0605109 0.327573 0.0649946 0.0964597
1 0.346743 0.592837 0.0945927 0.128677
1 0.254279 0.33209 0.0577631 0.0739315
1 0.0570006 0.859713 0.113511 0.13367
1 0.589715 0.253931 0.0314314 0.0328971
1 0.590423 0.258046 0.0342865 0.0468754
1 0.253782 0.863707 0.0974612 0.127532
1 0.163389 0.583042 0.0908636 0.107515
1 0.0605109 0.327573 0.0649946 0.0964597
1 0.346743 0.592837 0.0945927 0.128677
1 0.254279 0.33209 0.0577631 0.0739315
1 0.0570006 0.859713 0.113511 0.13367
1 0.589715 0.253931 0.0314314 0.0328971
1 0.590423 0.258046 0.0342865 0.0468754
