0 0.147095 0.775234 0.10372 0.140846
0 0.545566 0.482466 0.112014 0.16392
0 0.265485 0.801635 0.108495 0.147417
0 0.896965 0.850996 0.119521 0.158146
0 0.811011 0.338408 0.114456 0.136294
0 0.419137 0.457517 0.106614 0.151718
0 0.393003 0.809141 0.107588 0.146324
0 0.919837 0.509052 0.117738 0.147562
0 0.399817 0.643494 0.111104 0.154172
0 0.172158 0.444651 0.118404 0.154152
0 0.432233 0.12029 0.105976 0.148274
0 0.795016 0.50717 0.115734 0.1428
0 0.552355 0.13039 0.109966 0.144045
0 0.910734 0.678835 0.112304 0.149742
0 0.93089 0.348692 0.121567 0.145445
0 0.651042 0.839405 0.110194 0.143589
0 0.166427 0.287485 0.124863 0.1516
0 0.524689 0.816385 0.103386 0.145415
0 0.386806 0.949818 0.102994 0.0999934
0 0.13212 0.933775 0.117069 0.131272
0 0.770229 0.832074 0.105659 0.144554
0 0.0559007 0.26036 0.111801 0.151801
0 0.532851 0.65812 0.110532 0.15374
0 0.68468 0.31963 0.12793 0.157833
0 0.657519 0.661617 0.114692 0.165019
0 0.512872 0.951105 0.105882 0.0969851
0 0.789821 0.680639 0.109894 0.140916
0 0.185743 0.0924328 0.120317 0.162264
0 0.554555 0.331792 0.0973953 0.127823
0 0.0544565 0.425196 0.108913 0.155744
0 0.0499332 0.596119 0.0998664 0.15576
0 0.270273 0.627925 0.1067 0.145683
0 0.686174 0.156851 0.115248 0.151454
0 0.303943 0.103296 0.124552 0.158875
0 0.931963 0.180457 0.114918 0.145254
0 0.0738496 0.1001 0.108173 0.13912
0 0.423096 0.293069 0.108761 0.151487
0 0.813467 0.151961 0.118162 0.139795
0 0.258002 0.94957 0.105124 0.100859
0 0.0401092 0.763994 0.0801606 0.139959
0 0.0313076 0.928326 0.0624864 0.14248
0 0.944895 0.0367965 0.107873 0.0735716
0 0.819894 0.038255 0.121145 0.0764202
0 0.311738 0.302757 0.075992 0.101393
0 0.757458 0.964812 0.107502 0.0703761
0 0.569699 0.0274976 0.108171 0.0547992
0 0.637331 0.966345 0.100767 0.0667229
0 0.542955 0.25225 0.0915279 0.0934222
0 0.160087 0.601934 0.0657441 0.0880109
0 0.695936 0.0278978 0.120618 0.0557956
0 0.448357 0.0227313 0.104915 0.0453145
0 0.633134 0.405123 0.0472937 0.0515431
0 0.893843 0.981969 0.124818 0.0360619
0 0.658423 0.482011 0.0407244 0.055428
0 0.156796 0.593666 0.0582871 0.0686947
0 0.147095 0.775234 0.10372 0.140846
0 0.545566 0.482466 0.112014 0.16392
0 0.265485 0.801635 0.108495 0.147417
0 0.896965 0.850996 0.119521 0.158146
0 0.811011 0.338408 0.114456 0.136294
0 0.419137 0.457517 0.106614 0.151718
0 0.393003 0.809141 0.107588 0.146324
0 0.919837 0.509052 0.117738 0.147562
0 0.399817 0.643494 0.111104 0.154172
0 0.172158 0.444651 0.118404 0.154152
0 0.432233 0.12029 0.105976 0.148274
0 0.795016 0.50717 0.115734 0.1428
0 0.552355 0.13039 0.109966 0.144045
0 0.910734 0.678835 0.112304 0.149742
0 0.93089 0.348692 0.121567 0.145445
0 0.651042 0.839405 0.110194 0.143589
0 0.166427 0.287485 0.124863 0.1516
0 0.524689 0.816385 0.103386 0.145415
0 0.386806 0.949818 0.102994 0.0999934
0 0.13212 0.933775 0.117069 0.131272
0 0.770229 0.832074 0.105659 0.144554
0 0.0559007 0.26036 0.111801 0.151801
0 0.532851 0.65812 0.110532 0.15374
0 0.68468 0.31963 0.12793 0.157833
0 0.657519 0.661617 0.114692 0.165019
0 0.512872 0.951105 0.105882 0.0969851
0 0.789821 0.680639 0.109894 0.140916
0 0.185743 0.0924328 0.120317 0.162264
0 0.554555 0.331792 0.0973953 0.127823
0 0.0544565 0.425196 0.108913 0.155744
0 0.0499332 0.596119 0.0998664 0.15576
0 0.270273 0.627925 0.1067 0.145683
0 0.686174 0.156851 0.115248 0.151454
0 0.303943 0.103296 0.124552 0.158875
0 0.931963 0.180457 0.114918 0.145254
0 0.0738496 0.1001 0.108173 0.13912
0 0.423096 0.293069 0.108761 0.151487
0 0.813467 0.151961 0.118162 0.139795
0 0.258002 0.94957 0.105124 0.100859
0 0.0401092 0.763994 0.0801606 0.139959
0 0.0313076 0.928326 0.0624864 0.14248
0 0.944895 0.0367965 0.107873 0.0735716
0 0.819894 0.038255 0.121145 0.0764202
0 0.311738 0.302757 0.075992 0.101393
0 0.757458 0.964812 0.107502 0.0703761
0 0.569699 0.0274976 0.108171 0.0547992
0 0.637331 0.966345 0.100767 0.0667229
0 0.542955 0.25225 0.0915279 0.0934222
0 0.160087 0.601934 0.0657441 0.0880109
0 0.695936 0.0278978 0.120618 0.0557956
0 0.448357 0.0227313 0.104915 0.0453145
0 0.633134 0.405123 0.0472937 0.0515431
0 0.893843 0.981969 0.124818 0.0360619
0 0.658423 0.482011 0.0407244 0.055428
0 0.156796 0.593666 0.0582871 0.0686947
