0 0.700091 0.927401 0.0997841 0.130887
0 0.856755 0.436412 0.114041 0.14297
0 0.624975 0.0564695 0.0973196 0.112021
0 0.0785059 0.658911 0.11467 0.139093
0 0.959027 0.442935 0.0812206 0.139648
0 0.720705 0.589527 0.0898514 0.105371
0 0.615055 0.220305 0.0953969 0.124718
0 0.0661905 0.825761 0.114043 0.140668
0 0.588357 0.736651 0.107463 0.129293
0 0.500815 0.0530382 0.0968354 0.105996
0 0.23286 0.34636 0.103759 0.133023
0 0.752207 0.0662062 0.0970132 0.122241
0 0.21171 0.670962 0.102971 0.123408
0 0.460591 0.712083 0.107609 0.131241
0 0.481899 0.375027 0.0980018 0.126413
0 0.869641 0.254056 0.100864 0.136936
0 0.827642 0.938463 0.113048 0.12173
0 0.493127 0.211682 0.0985664 0.1271
0 0.363708 0.182784 0.101557 0.13915
0 0.180425 0.844594 0.0994725 0.125794
0 0.435841 0.866145 0.111175 0.139901
0 0.843619 0.768348 0.110526 0.130104
0 0.150258 0.548667 0.123247 0.14638
0 0.46592 0.549852 0.104555 0.129312
0 0.736039 0.239505 0.0961752 0.128192
0 0.355965 0.353944 0.103676 0.133854
0 0.108263 0.331151 0.0999706 0.131452
0 0.725103 0.411895 0.0908699 0.117276
0 0.971835 0.286201 0.0563305 0.109597
0 0.570308 0.902135 0.0958739 0.121043
0 0.346887 0.531292 0.100047 0.122791
0 0.333762 0.690901 0.0969044 0.120499
0 0.366978 0.0414847 0.104377 0.0826025
0 0.225572 0.16395 0.100375 0.131578
0 0.706435 0.747174 0.0877453 0.105202
0 0.875685 0.0936358 0.0966691 0.122512
0 0.321288 0.853154 0.0967856 0.122462
0 0.0604093 0.961572 0.120819 0.0768079
0 0.596769 0.398198 0.0798629 0.109418
0 0.0234266 0.131666 0.0468532 0.151723
0 0.231511 0.509469 0.0891137 0.13094
1 0.968424 0.656962 0.0631523 0.154227
0 0.975661 0.127252 0.0486779 0.105172
0 0.0820652 0.507153 0.0852598 0.111304
0 0.583373 0.575406 0.0595215 0.0775477
1 0.962788 0.869884 0.0732189 0.102363
0 0.0154606 0.31831 0.0307819 0.142316
0 0.0135283 0.480284 0.0270565 0.131111
0 0.700091 0.927401 0.0997841 0.130887
0 0.856755 0.436412 0.114041 0.14297
0 0.624975 0.0564695 0.0973196 0.112021
0 0.0785059 0.658911 0.11467 0.139093
0 0.959027 0.442935 0.0812206 0.139648
0 0.720705 0.589527 0.0898514 0.105371
0 0.615055 0.220305 0.0953969 0.124718
0 0.0661905 0.825761 0.114043 0.140668
0 0.588357 0.736651 0.107463 0.129293
0 0.500815 0.0530382 0.0968354 0.105996
0 0.23286 0.34636 0.103759 0.133023
0 0.752207 0.0662062 0.0970132 0.122241
0 0.21171 0.670962 0.102971 0.123408
0 0.460591 0.712083 0.107609 0.131241
0 0.481899 0.375027 0.0980018 0.126413
0 0.869641 0.254056 0.100864 0.136936
0 0.827642 0.938463 0.113048 0.12173
0 0.493127 0.211682 0.0985664 0.1271
0 0.363708 0.182784 0.101557 0.13915
0 0.180425 0.844594 0.0994725 0.125794
0 0.435841 0.866145 0.111175 0.139901
0 0.843619 0.768348 0.110526 0.130104
0 0.150258 0.548667 0.123247 0.14638
0 0.46592 0.549852 0.104555 0.129312
0 0.736039 0.239505 0.0961752 0.128192
0 0.355965 0.353944 0.103676 0.133854
0 0.108263 0.331151 0.0999706 0.131452
0 0.725103 0.411895 0.0908699 0.117276
0 0.971835 0.286201 0.0563305 0.109597
0 0.570308 0.902135 0.0958739 0.121043
0 0.346887 0.531292 0.100047 0.122791
0 0.333762 0.690901 0.0969044 0.120499
0 0.366978 0.0414847 0.104377 0.0826025
0 0.225572 0.16395 0.100375 0.131578
0 0.706435 0.747174 0.0877453 0.105202
0 0.875685 0.0936358 0.0966691 0.122512
0 0.321288 0.853154 0.0967856 0.122462
0 0.0604093 0.961572 0.120819 0.0768079
0 0.596769 0.398198 0.0798629 0.109418
0 0.0234266 0.131666 0.0468532 0.151723
0 0.231511 0.509469 0.0891137 0.13094
1 0.968424 0.656962 0.0631523 0.154227
0 0.975661 0.127252 0.0486779 0.105172
0 0.0820652 0.507153 0.0852598 0.111304
0 0.583373 0.575406 0.0595215 0.0775477
1 0.962788 0.869884 0.0732189 0.102363
0 0.0154606 0.31831 0.0307819 0.142316
0 0.0135283 0.480284 0.0270565 0.131111
