0 0.519743 0.659786 0.0969187 0.128719
0 0.935464 0.556545 0.127397 0.156399
0 0.407171 0.651587 0.0990554 0.136244
0 0.119104 0.797732 0.117591 0.146586
0 0.63438 0.860216 0.119625 0.162931
0 0.934103 0.719905 0.128813 0.155603
0 0.567655 0.132355 0.128353 0.170518
0 0.246016 0.813294 0.102533 0.140085
0 0.144789 0.249632 0.127868 0.169019
0 0.427419 0.296559 0.123577 0.179716
0 0.298567 0.0885346 0.127354 0.17588
0 0.801097 0.70801 0.126078 0.163265
0 0.127977 0.621539 0.120134 0.138126
0 0.791065 0.515985 0.110948 0.141463
0 0.706958 0.14799 0.132083 0.167414
0 0.951945 0.180441 0.0961111 0.17446
0 0.557428 0.306548 0.130501 0.178125
0 0.129484 0.439314 0.12565 0.150417
0 0.830106 0.348538 0.133869 0.168692
0 0.274806 0.465155 0.113882 0.151184
0 0.282536 0.276746 0.130836 0.167363
0 0.168308 0.0755946 0.130227 0.151189
0 0.543293 0.495715 0.111522 0.14909
0 0.377534 0.832521 0.116949 0.155257
0 0.262638 0.641093 0.106914 0.137062
0 0.697918 0.33881 0.13506 0.174333
0 0.831122 0.174157 0.129376 0.162279
0 0.674751 0.509444 0.0984221 0.128837
0 0.433059 0.101263 0.131293 0.192337
0 0.4038 0.484788 0.113781 0.159668
0 0.773801 0.888204 0.126467 0.168473
0 0.0382474 0.237055 0.0764949 0.166666
0 0.65741 0.665884 0.106993 0.13838
0 0.0292273 0.431594 0.0584545 0.151391
0 0.837991 0.0453204 0.126483 0.0906407
0 0.948844 0.361781 0.101907 0.175565
0 0.233275 0.959839 0.10764 0.0803035
0 0.0984221 0.948319 0.129908 0.103184
0 0.711036 0.0340759 0.124953 0.0681518
0 0.0451048 0.0651496 0.089759 0.130299
0 0.956931 0.0460733 0.0857548 0.0916583
0 0.0258372 0.600462 0.0516062 0.146017
0 0.372751 0.962993 0.11662 0.0738557
0 0.0181976 0.795181 0.0363952 0.143229
0 0.500157 0.971627 0.114395 0.0567451
0 0.57658 0.0231979 0.122592 0.0463813
0 0.0132276 0.943606 0.0263014 0.112118
0 0.519743 0.659786 0.0969187 0.128719
0 0.935464 0.556545 0.127397 0.156399
0 0.407171 0.651587 0.0990554 0.136244
0 0.119104 0.797732 0.117591 0.146586
0 0.63438 0.860216 0.119625 0.162931
0 0.934103 0.719905 0.128813 0.155603
0 0.567655 0.132355 0.128353 0.170518
0 0.246016 0.813294 0.102533 0.140085
0 0.144789 0.249632 0.127868 0.169019
0 0.427419 0.296559 0.123577 0.179716
0 0.298567 0.0885346 0.127354 0.17588
0 0.801097 0.70801 0.126078 0.163265
0 0.127977 0.621539 0.120134 0.138126
0 0.791065 0.515985 0.110948 0.141463
0 0.706958 0.14799 0.132083 0.167414
0 0.951945 0.180441 0.0961111 0.17446
0 0.557428 0.306548 0.130501 0.178125
0 0.129484 0.439314 0.12565 0.150417
0 0.830106 0.348538 0.133869 0.168692
0 0.274806 0.465155 0.113882 0.151184
0 0.282536 0.276746 0.130836 0.167363
0 0.168308 0.0755946 0.130227 0.151189
0 0.543293 0.495715 0.111522 0.14909
0 0.377534 0.832521 0.116949 0.155257
0 0.262638 0.641093 0.106914 0.137062
0 0.697918 0.33881 0.13506 0.174333
0 0.831122 0.174157 0.129376 0.162279
0 0.674751 0.509444 0.0984221 0.128837
0 0.433059 0.101263 0.131293 0.192337
0 0.4038 0.484788 0.113781 0.159668
0 0.773801 0.888204 0.126467 0.168473
0 0.0382474 0.237055 0.0764949 0.166666
0 0.65741 0.665884 0.106993 0.13838
0 0.0292273 0.431594 0.0584545 0.151391
0 0.837991 0.0453204 0.126483 0.0906407
0 0.948844 0.361781 0.101907 0.175565
0 0.233275 0.959839 0.10764 0.0803035
0 0.0984221 0.948319 0.129908 0.103184
0 0.711036 0.0340759 0.124953 0.0681518
0 0.0451048 0.0651496 0.089759 0.130299
0 0.956931 0.0460733 0.0857548 0.0916583
0 0.0258372 0.600462 0.0516062 0.146017
0 0.372751 0.962993 0.11662 0.0738557
0 0.0181976 0.795181 0.0363952 0.143229
0 0.500157 0.971627 0.114395 0.0567451
0 0.57658 0.0231979 0.122592 0.0463813
0 0.0132276 0.943606 0.0263014 0.112118
