0 0.0652877 0.0694717 0.129162 0.138943
0 0.93391 0.686572 0.130935 0.153866
0 0.180482 0.237702 0.110858 0.138449
0 0.932572 0.350053 0.1202 0.150518
0 0.69273 0.307172 0.115008 0.145896
0 0.550219 0.633483 0.113689 0.154198
0 0.442054 0.277488 0.118845 0.150338
0 0.451128 0.103008 0.121337 0.158084
0 0.139415 0.762135 0.135895 0.172099
0 0.0608638 0.231403 0.120959 0.151473
0 0.816709 0.175919 0.101242 0.144172
0 0.879677 0.859901 0.105112 0.140812
0 0.779847 0.656298 0.11887 0.147865
0 0.305355 0.254568 0.121186 0.144543
0 0.936684 0.189192 0.116453 0.149327
0 0.661668 0.817684 0.1206 0.171231
0 0.246161 0.92678 0.127722 0.14644
0 0.534923 0.812828 0.139801 0.189095
0 0.328332 0.0848485 0.118959 0.163771
0 0.811124 0.325477 0.117954 0.141946
1 0.798727 0.445835 0.101847 0.109158
0 0.287948 0.604117 0.132956 0.151923
0 0.116358 0.925109 0.136183 0.149783
0 0.3728 0.939016 0.129694 0.121968
0 0.397275 0.803219 0.13143 0.178785
0 0.781528 0.816927 0.119424 0.163173
0 0.0442801 0.562476 0.0884559 0.168723
0 0.201441 0.0780345 0.134329 0.15464
0 0.571314 0.129303 0.109931 0.141532
0 0.636971 0.94844 0.130607 0.102787
0 0.663066 0.638416 0.118822 0.170086
0 0.274351 0.777822 0.130521 0.17212
0 0.511273 0.950119 0.142072 0.0995504
0 0.0352968 0.758015 0.0703766 0.175616
1 0.312252 0.381235 0.0758975 0.0786678
0 0.761484 0.951612 0.133901 0.0962173
0 0.948917 0.0428557 0.100398 0.0857113
0 0.822223 0.0448622 0.112273 0.0896648
0 0.583054 0.278986 0.105415 0.145983
1 0.221807 0.364607 0.113363 0.120807
1 0.415595 0.413983 0.0974332 0.128072
0 0.703685 0.0982235 0.118365 0.126625
1 0.645631 0.428355 0.099021 0.0968348
1 0.032722 0.35248 0.0600548 0.0693856
1 0.893341 0.453991 0.0907299 0.0787998
0 0.0266338 0.919039 0.0532677 0.1616
1 0.721526 0.42588 0.0454973 0.0768692
0 0.724483 0.0202109 0.0933142 0.0399396
1 0.969563 0.460202 0.0577761 0.0676233
1 0.523376 0.423674 0.0981657 0.0673491
0 0.533612 0.345184 0.0987734 0.112424
0 0.68607 0.191202 0.0851414 0.0865896
0 0.979242 0.866688 0.0415167 0.132629
0 0.736239 0.185867 0.0682587 0.103314
0 0.598751 0.0163273 0.121394 0.0326547
0 0.0652877 0.0694717 0.129162 0.138943
0 0.93391 0.686572 0.130935 0.153866
0 0.180482 0.237702 0.110858 0.138449
0 0.932572 0.350053 0.1202 0.150518
0 0.69273 0.307172 0.115008 0.145896
0 0.550219 0.633483 0.113689 0.154198
0 0.442054 0.277488 0.118845 0.150338
0 0.451128 0.103008 0.121337 0.158084
0 0.139415 0.762135 0.135895 0.172099
0 0.0608638 0.231403 0.120959 0.151473
0 0.816709 0.175919 0.101242 0.144172
0 0.879677 0.859901 0.105112 0.140812
0 0.779847 0.656298 0.11887 0.147865
0 0.305355 0.254568 0.121186 0.144543
0 0.936684 0.189192 0.116453 0.149327
0 0.661668 0.817684 0.1206 0.171231
0 0.246161 0.92678 0.127722 0.14644
0 0.534923 0.812828 0.139801 0.189095
0 0.328332 0.0848485 0.118959 0.163771
0 0.811124 0.325477 0.117954 0.141946
1 0.798727 0.445835 0.101847 0.109158
0 0.287948 0.604117 0.132956 0.151923
0 0.116358 0.925109 0.136183 0.149783
0 0.3728 0.939016 0.129694 0.121968
0 0.397275 0.803219 0.13143 0.178785
0 0.781528 0.816927 0.119424 0.163173
0 0.0442801 0.562476 0.0884559 0.168723
0 0.201441 0.0780345 0.134329 0.15464
0 0.571314 0.129303 0.109931 0.141532
0 0.636971 0.94844 0.130607 0.102787
0 0.663066 0.638416 0.118822 0.170086
0 0.274351 0.777822 0.130521 0.17212
0 0.511273 0.950119 0.142072 0.0995504
0 0.0352968 0.758015 0.0703766 0.175616
1 0.312252 0.381235 0.0758975 0.0786678
0 0.761484 0.951612 0.133901 0.0962173
0 0.948917 0.0428557 0.100398 0.0857113
0 0.822223 0.0448622 0.112273 0.0896648
0 0.583054 0.278986 0.105415 0.145983
1 0.221807 0.364607 0.113363 0.120807
1 0.415595 0.413983 0.0974332 0.128072
0 0.703685 0.0982235 0.118365 0.126625
1 0.645631 0.428355 0.099021 0.0968348
1 0.032722 0.35248 0.0600548 0.0693856
1 0.893341 0.453991 0.0907299 0.0787998
0 0.0266338 0.919039 0.0532677 0.1616
1 0.721526 0.42588 0.0454973 0.0768692
0 0.724483 0.0202109 0.0933142 0.0399396
1 0.969563 0.460202 0.0577761 0.0676233
1 0.523376 0.423674 0.0981657 0.0673491
0 0.533612 0.345184 0.0987734 0.112424
0 0.68607 0.191202 0.0851414 0.0865896
0 0.979242 0.866688 0.0415167 0.132629
0 0.736239 0.185867 0.0682587 0.103314
0 0.598751 0.0163273 0.121394 0.0326547
