0 0.632257 0.607527 0.10359 0.136588
0 0.382066 0.274013 0.104922 0.127419
0 0.50339 0.762552 0.108836 0.139414
0 0.631736 0.929012 0.115573 0.140275
0 0.116986 0.402831 0.114127 0.12933
0 0.243963 0.921713 0.102336 0.130887
0 0.7654 0.439976 0.109886 0.131931
0 0.521417 0.105938 0.0906653 0.116224
0 0.503865 0.594049 0.109483 0.135835
0 0.764195 0.935231 0.113243 0.129256
0 0.505847 0.274837 0.100731 0.128445
0 0.25384 0.583547 0.120215 0.135791
0 0.379571 0.915273 0.101368 0.130023
0 0.030885 0.0862187 0.0615085 0.10756
0 0.922002 0.279232 0.102359 0.149956
0 0.500238 0.935196 0.0998829 0.128141
0 0.756776 0.767022 0.108483 0.129935
0 0.248681 0.743766 0.108761 0.125129
0 0.754095 0.283592 0.119701 0.139819
0 0.122589 0.0780045 0.119197 0.142068
0 0.383711 0.588069 0.0896953 0.111879
0 0.632155 0.279992 0.107326 0.127822
0 0.267199 0.255564 0.0895375 0.112153
0 0.121005 0.920837 0.101261 0.129151
0 0.376415 0.742938 0.0885443 0.114562
0 0.511426 0.42713 0.108833 0.129165
0 0.0301604 0.241278 0.0603209 0.128555
0 0.633855 0.121944 0.0839486 0.10103
0 0.0261486 0.402934 0.0521498 0.13149
0 0.765504 0.119298 0.105836 0.128059
0 0.7561 0.592737 0.0959588 0.122776
0 0.13709 0.740209 0.095387 0.112488
0 0.629842 0.432327 0.0899513 0.114636
0 0.398721 0.421892 0.0829717 0.0990299
0 0.260373 0.420172 0.100581 0.118951
0 0.389527 0.113089 0.0689874 0.0828065
0 0.0289628 0.567451 0.0579085 0.129529
0 0.0279757 0.732327 0.0559515 0.104035
0 0.0206334 0.924806 0.0412667 0.146548
1 0.931427 0.437337 0.092531 0.140297
1 0.261677 0.10424 0.08029 0.102529
1 0.952509 0.506081 0.0943577 0.12511
0 0.137741 0.261238 0.0774135 0.082435
0 0.757549 0.0189483 0.0928906 0.0377131
0 0.632257 0.607527 0.10359 0.136588
0 0.382066 0.274013 0.104922 0.127419
0 0.50339 0.762552 0.108836 0.139414
0 0.631736 0.929012 0.115573 0.140275
0 0.116986 0.402831 0.114127 0.12933
0 0.243963 0.921713 0.102336 0.130887
0 0.7654 0.439976 0.109886 0.131931
0 0.521417 0.105938 0.0906653 0.116224
0 0.503865 0.594049 0.109483 0.135835
0 0.764195 0.935231 0.113243 0.129256
0 0.505847 0.274837 0.100731 0.128445
0 0.25384 0.583547 0.120215 0.135791
0 0.379571 0.915273 0.101368 0.130023
0 0.030885 0.0862187 0.0615085 0.10756
0 0.922002 0.279232 0.102359 0.149956
0 0.500238 0.935196 0.0998829 0.128141
0 0.756776 0.767022 0.108483 0.129935
0 0.248681 0.743766 0.108761 0.125129
0 0.754095 0.283592 0.119701 0.139819
0 0.122589 0.0780045 0.119197 0.142068
0 0.383711 0.588069 0.0896953 0.111879
0 0.632155 0.279992 0.107326 0.127822
0 0.267199 0.255564 0.0895375 0.112153
0 0.121005 0.920837 0.101261 0.129151
0 0.376415 0.742938 0.0885443 0.114562
0 0.511426 0.42713 0.108833 0.129165
0 0.0301604 0.241278 0.0603209 0.128555
0 0.633855 0.121944 0.0839486 0.10103
0 0.0261486 0.402934 0.0521498 0.13149
0 0.765504 0.119298 0.105836 0.128059
0 0.7561 0.592737 0.0959588 0.122776
0 0.13709 0.740209 0.095387 0.112488
0 0.629842 0.432327 0.0899513 0.114636
0 0.398721 0.421892 0.0829717 0.0990299
0 0.260373 0.420172 0.100581 0.118951
0 0.389527 0.113089 0.0689874 0.0828065
0 0.0289628 0.567451 0.0579085 0.129529
0 0.0279757 0.732327 0.0559515 0.104035
0 0.0206334 0.924806 0.0412667 0.146548
1 0.931427 0.437337 0.092531 0.140297
1 0.261677 0.10424 0.08029 0.102529
1 0.952509 0.506081 0.0943577 0.12511
0 0.137741 0.261238 0.0774135 0.082435
0 0.757549 0.0189483 0.0928906 0.0377131
