0 0.405644 0.195668 0.109604 0.142523
0 0.657839 0.0672004 0.129839 0.134401
0 0.415014 0.0551986 0.114142 0.109964
0 0.0538895 0.151228 0.107779 0.147658
1 0.71756 0.619696 0.083436 0.0831904
0 0.622838 0.547386 0.107583 0.137788
0 0.650748 0.213664 0.125353 0.155358
0 0.168202 0.172137 0.106275 0.150385
0 0.516763 0.217973 0.1195 0.155487
0 0.494805 0.525603 0.1136 0.151057
0 0.0308121 0.479607 0.0616241 0.151926
0 0.537212 0.0598915 0.117857 0.119783
0 0.465195 0.889697 0.126177 0.185274
0 0.279092 0.169729 0.130079 0.158016
0 0.134985 0.501909 0.126536 0.152287
0 0.0765192 0.686715 0.115882 0.140097
1 0.75491 0.178483 0.0688885 0.0679895
0 0.486448 0.685474 0.105036 0.150038
0 0.176353 0.0447993 0.0994883 0.0894072
0 0.61182 0.69568 0.113426 0.145151
1 0.752766 0.114046 0.0662384 0.0540933
1 0.715441 0.87402 0.0824342 0.0925491
0 0.599932 0.901079 0.124383 0.177879
0 0.339735 0.867734 0.11863 0.17412
1 0.0510848 0.279662 0.10217 0.112659
0 0.285621 0.0467389 0.130048 0.0933794
1 0.512224 0.333446 0.076333 0.0711948
1 0.401874 0.305725 0.0469644 0.0606453
1 0.719576 0.70261 0.0786419 0.0792481
1 0.750457 0.258328 0.0682951 0.0768474
1 0.711519 0.960041 0.0733491 0.0760496
1 0.186274 0.29125 0.0495271 0.0662667
0 0.0594188 0.0399757 0.115838 0.0799513
1 0.637773 0.336864 0.0508204 0.064483
1 0.7238 0.339695 0.113307 0.0887864
1 0.717742 0.777924 0.0910355 0.0654906
1 0.293041 0.30067 0.0634498 0.0754926
1 0.577421 0.336026 0.0555325 0.0773236
1 0.759908 0.0351862 0.060053 0.0662626
0 0.208975 0.967678 0.120446 0.064386
1 0.743006 0.341882 0.0765005 0.0861629
0 0.979941 0.420804 0.0401174 0.139347
1 0.239877 0.294358 0.0492812 0.075698
0 0.979022 0.805444 0.0419561 0.137719
1 0.127856 0.289508 0.0636845 0.0888461
1 0.345483 0.29908 0.0435201 0.0653759
0 0.0186093 0.826542 0.037112 0.180199
0 0.0784363 0.962847 0.143713 0.0740664
0 0.326115 0.9753 0.120034 0.0494
1 0.700752 0.338025 0.0674583 0.0848852
0 0.980779 0.945998 0.0384421 0.107931
1 0.705183 0.949912 0.0572298 0.0611952
0 0.405644 0.195668 0.109604 0.142523
0 0.657839 0.0672004 0.129839 0.134401
0 0.415014 0.0551986 0.114142 0.109964
0 0.0538895 0.151228 0.107779 0.147658
1 0.71756 0.619696 0.083436 0.0831904
0 0.622838 0.547386 0.107583 0.137788
0 0.650748 0.213664 0.125353 0.155358
0 0.168202 0.172137 0.106275 0.150385
0 0.516763 0.217973 0.1195 0.155487
0 0.494805 0.525603 0.1136 0.151057
0 0.0308121 0.479607 0.0616241 0.151926
0 0.537212 0.0598915 0.117857 0.119783
0 0.465195 0.889697 0.126177 0.185274
0 0.279092 0.169729 0.130079 0.158016
0 0.134985 0.501909 0.126536 0.152287
0 0.0765192 0.686715 0.115882 0.140097
1 0.75491 0.178483 0.0688885 0.0679895
0 0.486448 0.685474 0.105036 0.150038
0 0.176353 0.0447993 0.0994883 0.0894072
0 0.61182 0.69568 0.113426 0.145151
1 0.752766 0.114046 0.0662384 0.0540933
1 0.715441 0.87402 0.0824342 0.0925491
0 0.599932 0.901079 0.124383 0.177879
0 0.339735 0.867734 0.11863 0.17412
1 0.0510848 0.279662 0.10217 0.112659
0 0.285621 0.0467389 0.130048 0.0933794
1 0.512224 0.333446 0.076333 0.0711948
1 0.401874 0.305725 0.0469644 0.0606453
1 0.719576 0.70261 0.0786419 0.0792481
1 0.750457 0.258328 0.0682951 0.0768474
1 0.711519 0.960041 0.0733491 0.0760496
1 0.186274 0.29125 0.0495271 0.0662667
0 0.0594188 0.0399757 0.115838 0.0799513
1 0.637773 0.336864 0.0508204 0.064483
1 0.7238 0.339695 0.113307 0.0887864
1 0.717742 0.777924 0.0910355 0.0654906
1 0.293041 0.30067 0.0634498 0.0754926
1 0.577421 0.336026 0.0555325 0.0773236
1 0.759908 0.0351862 0.060053 0.0662626
0 0.208975 0.967678 0.120446 0.064386
1 0.743006 0.341882 0.0765005 0.0861629
0 0.979941 0.420804 0.0401174 0.139347
1 0.239877 0.294358 0.0492812 0.075698
0 0.979022 0.805444 0.0419561 0.137719
1 0.127856 0.289508 0.0636845 0.0888461
1 0.345483 0.29908 0.0435201 0.0653759
0 0.0186093 0.826542 0.037112 0.180199
0 0.0784363 0.962847 0.143713 0.0740664
0 0.326115 0.9753 0.120034 0.0494
1 0.700752 0.338025 0.0674583 0.0848852
0 0.980779 0.945998 0.0384421 0.107931
1 0.705183 0.949912 0.0572298 0.0611952
