0 0.138691 0.672407 0.138444 0.170553
0 0.172699 0.129335 0.133516 0.179715
0 0.564368 0.149206 0.115512 0.16001
0 0.785308 0.731043 0.122026 0.156715
0 0.936902 0.395452 0.125428 0.17035
0 0.544434 0.341629 0.108077 0.154335
0 0.394624 0.704958 0.118089 0.171944
0 0.0524447 0.106663 0.104889 0.181491
0 0.16629 0.505184 0.116765 0.147448
0 0.90753 0.733143 0.126274 0.153926
0 0.647067 0.720347 0.131188 0.170936
0 0.801126 0.369838 0.133417 0.160089
0 0.514117 0.713209 0.110273 0.161114
0 0.308462 0.132541 0.117344 0.167407
0 0.656373 0.541368 0.12372 0.16903
0 0.789556 0.558904 0.128242 0.164021
0 0.0524428 0.297919 0.104772 0.163822
0 0.445079 0.13527 0.118352 0.169967
0 0.532242 0.529073 0.115217 0.159952
0 0.299158 0.325796 0.112953 0.152843
0 0.259108 0.857942 0.123586 0.16651
0 0.420294 0.523334 0.112487 0.163719
0 0.683524 0.171778 0.112245 0.143882
0 0.278454 0.681767 0.106826 0.136574
0 0.0517233 0.48447 0.103447 0.16208
0 0.667811 0.362477 0.114009 0.14688
0 0.823605 0.18638 0.128779 0.165356
0 0.12993 0.844254 0.130905 0.15514
0 0.419761 0.333658 0.108257 0.150596
0 0.928018 0.572289 0.131849 0.151868
0 0.165399 0.313682 0.124612 0.165999
0 0.94173 0.196212 0.115711 0.144921
0 0.897975 0.915153 0.135831 0.166784
0 0.6333 0.884793 0.110987 0.143133
0 0.0350891 0.667372 0.0700796 0.166949
0 0.510523 0.885564 0.108309 0.145052
0 0.0387962 0.822865 0.0775924 0.144725
0 0.751989 0.881616 0.105712 0.139196
0 0.691388 0.0364435 0.108256 0.072887
0 0.832604 0.0388875 0.126836 0.0776462
0 0.957608 0.0460032 0.0847834 0.0917857
0 0.260665 0.968974 0.111016 0.0616143
0 0.57505 0.0301178 0.10777 0.060187
0 0.191124 0.0228706 0.132338 0.0455715
0 0.120013 0.961979 0.136083 0.0755196
0 0.982504 0.912874 0.0349921 0.142394
0 0.985704 0.735719 0.0285916 0.152595
0 0.987822 0.91387 0.0243569 0.148701
0 0.138691 0.672407 0.138444 0.170553
0 0.172699 0.129335 0.133516 0.179715
0 0.564368 0.149206 0.115512 0.16001
0 0.785308 0.731043 0.122026 0.156715
0 0.936902 0.395452 0.125428 0.17035
0 0.544434 0.341629 0.108077 0.154335
0 0.394624 0.704958 0.118089 0.171944
0 0.0524447 0.106663 0.104889 0.181491
0 0.16629 0.505184 0.116765 0.147448
0 0.90753 0.733143 0.126274 0.153926
0 0.647067 0.720347 0.131188 0.170936
0 0.801126 0.369838 0.133417 0.160089
0 0.514117 0.713209 0.110273 0.161114
0 0.308462 0.132541 0.117344 0.167407
0 0.656373 0.541368 0.12372 0.16903
0 0.789556 0.558904 0.128242 0.164021
0 0.0524428 0.297919 0.104772 0.163822
0 0.445079 0.13527 0.118352 0.169967
0 0.532242 0.529073 0.115217 0.159952
0 0.299158 0.325796 0.112953 0.152843
0 0.259108 0.857942 0.123586 0.16651
0 0.420294 0.523334 0.112487 0.163719
0 0.683524 0.171778 0.112245 0.143882
0 0.278454 0.681767 0.106826 0.136574
0 0.0517233 0.48447 0.103447 0.16208
0 0.667811 0.362477 0.114009 0.14688
0 0.823605 0.18638 0.128779 0.165356
0 0.12993 0.844254 0.130905 0.15514
0 0.419761 0.333658 0.108257 0.150596
0 0.928018 0.572289 0.131849 0.151868
0 0.165399 0.313682 0.124612 0.165999
0 0.94173 0.196212 0.115711 0.144921
0 0.897975 0.915153 0.135831 0.166784
0 0.6333 0.884793 0.110987 0.143133
0 0.0350891 0.667372 0.0700796 0.166949
0 0.510523 0.885564 0.108309 0.145052
0 0.0387962 0.822865 0.0775924 0.144725
0 0.751989 0.881616 0.105712 0.139196
0 0.691388 0.0364435 0.108256 0.072887
0 0.832604 0.0388875 0.126836 0.0776462
0 0.957608 0.0460032 0.0847834 0.0917857
0 0.260665 0.968974 0.111016 0.0616143
0 0.57505 0.0301178 0.10777 0.060187
0 0.191124 0.0228706 0.132338 0.0455715
0 0.120013 0.961979 0.136083 0.0755196
0 0.982504 0.912874 0.0349921 0.142394
0 0.985704 0.735719 0.0285916 0.152595
0 0.987822 0.91387 0.0243569 0.148701
