0 0.611308 0.465678 0.0885421 0.117885
0 0.420035 0.0539902 0.0910598 0.107732
0 0.324911 0.043372 0.0879573 0.0867441
0 0.479114 0.863127 0.0956568 0.127298
0 0.697275 0.751649 0.0918527 0.123599
0 0.0813138 0.685481 0.0932025 0.108311
0 0.604011 0.732956 0.0909634 0.119154
0 0.221975 0.146847 0.082882 0.107226
0 0.497104 0.593894 0.0888022 0.118108
0 0.737843 0.0548841 0.0954436 0.109657
0 0.744789 0.180625 0.101868 0.139627
0 0.274804 0.956032 0.0933194 0.0877834
0 0.275235 0.839676 0.0934953 0.125523
0 0.832904 0.201351 0.0894239 0.11813
0 0.620449 0.319466 0.0939609 0.127129
0 0.820968 0.358183 0.0891621 0.116866
0 0.370384 0.835563 0.0935563 0.130305
0 0.0756333 0.829301 0.10923 0.130595
0 0.489617 0.726645 0.0879974 0.120794
0 0.721192 0.337923 0.101503 0.125888
0 0.0833628 0.25805 0.104921 0.127171
0 0.191595 0.826705 0.077573 0.0983866
0 0.913523 0.365626 0.0928646 0.113346
0 0.893945 0.764688 0.0930038 0.115429
0 0.810607 0.490337 0.0899045 0.115514
0 0.200963 0.276766 0.0967707 0.114491
0 0.698589 0.612578 0.0861429 0.107409
0 0.688298 0.892624 0.0916395 0.128279
0 0.211875 0.556183 0.0708796 0.0832453
0 0.900702 0.49597 0.0963353 0.111245
0 0.79152 0.767418 0.0849372 0.109008
0 0.0838612 0.546677 0.113633 0.131358
0 0.0941789 0.11708 0.101008 0.12227
0 0.63354 0.163407 0.102132 0.144425
0 0.192242 0.686469 0.1004 0.120101
0 0.792338 0.90415 0.0929035 0.122287
0 0.397805 0.440432 0.0882273 0.113255
0 0.392858 0.576815 0.0907707 0.114499
0 0.221332 0.0333454 0.0904371 0.0663111
0 0.413719 0.171384 0.0883095 0.117025
0 0.507156 0.446748 0.0979992 0.126912
0 0.589997 0.607327 0.0887176 0.114607
0 0.520123 0.191635 0.0824581 0.10054
0 0.309546 0.301264 0.0909595 0.119046
0 0.316529 0.159939 0.0849104 0.118391
0 0.947515 0.0651047 0.104243 0.130163
0 0.803261 0.621076 0.0921074 0.111792
0 0.074182 0.400677 0.105076 0.11961
0 0.211833 0.422567 0.0797972 0.0931776
0 0.589922 0.885877 0.0894987 0.126343
0 0.409373 0.306197 0.0901812 0.117198
0 0.839534 0.0608142 0.0909611 0.121524
0 0.3849 0.708755 0.0943596 0.1193
0 0.945222 0.204923 0.10859 0.132212
0 0.509566 0.3099 0.099171 0.122922
0 0.711198 0.475396 0.0966885 0.118139
0 0.638648 0.0470044 0.0974733 0.0940088
0 0.877575 0.901625 0.0895657 0.118632
0 0.890173 0.63269 0.0817212 0.101903
0 0.0570199 0.955808 0.101841 0.0882673
0 0.525658 0.0445041 0.09517 0.0890083
0 0.167113 0.957334 0.099656 0.0851642
0 0.106831 0.0332014 0.100225 0.0663931
0 0.375634 0.965359 0.09522 0.0686268
0 0.47724 0.968076 0.0927794 0.0633074
0 0.0173021 0.539052 0.0346041 0.128931
0 0.0192793 0.106348 0.0385144 0.158775
0 0.0213442 0.263808 0.0426885 0.132667
0 0.576459 0.973263 0.0948166 0.0534743
0 0.683412 0.981268 0.0938279 0.0374643
0 0.0165649 0.400752 0.0331298 0.118101
0 0.785556 0.985359 0.103153 0.029282
0 0.878629 0.986201 0.105742 0.027599
1 0.982205 0.975472 0.0348587 0.047926
0 0.010639 0.827504 0.0212075 0.128138
0 0.611308 0.465678 0.0885421 0.117885
0 0.420035 0.0539902 0.0910598 0.107732
0 0.324911 0.043372 0.0879573 0.0867441
0 0.479114 0.863127 0.0956568 0.127298
0 0.697275 0.751649 0.0918527 0.123599
0 0.0813138 0.685481 0.0932025 0.108311
0 0.604011 0.732956 0.0909634 0.119154
0 0.221975 0.146847 0.082882 0.107226
0 0.497104 0.593894 0.0888022 0.118108
0 0.737843 0.0548841 0.0954436 0.109657
0 0.744789 0.180625 0.101868 0.139627
0 0.274804 0.956032 0.0933194 0.0877834
0 0.275235 0.839676 0.0934953 0.125523
0 0.832904 0.201351 0.0894239 0.11813
0 0.620449 0.319466 0.0939609 0.127129
0 0.820968 0.358183 0.0891621 0.116866
0 0.370384 0.835563 0.0935563 0.130305
0 0.0756333 0.829301 0.10923 0.130595
0 0.489617 0.726645 0.0879974 0.120794
0 0.721192 0.337923 0.101503 0.125888
0 0.0833628 0.25805 0.104921 0.127171
0 0.191595 0.826705 0.077573 0.0983866
0 0.913523 0.365626 0.0928646 0.113346
0 0.893945 0.764688 0.0930038 0.115429
0 0.810607 0.490337 0.0899045 0.115514
0 0.200963 0.276766 0.0967707 0.114491
0 0.698589 0.612578 0.0861429 0.107409
0 0.688298 0.892624 0.0916395 0.128279
0 0.211875 0.556183 0.0708796 0.0832453
0 0.900702 0.49597 0.0963353 0.111245
0 0.79152 0.767418 0.0849372 0.109008
0 0.0838612 0.546677 0.113633 0.131358
0 0.0941789 0.11708 0.101008 0.12227
0 0.63354 0.163407 0.102132 0.144425
0 0.192242 0.686469 0.1004 0.120101
0 0.792338 0.90415 0.0929035 0.122287
0 0.397805 0.440432 0.0882273 0.113255
0 0.392858 0.576815 0.0907707 0.114499
0 0.221332 0.0333454 0.0904371 0.0663111
0 0.413719 0.171384 0.0883095 0.117025
0 0.507156 0.446748 0.0979992 0.126912
0 0.589997 0.607327 0.0887176 0.114607
0 0.520123 0.191635 0.0824581 0.10054
0 0.309546 0.301264 0.0909595 0.119046
0 0.316529 0.159939 0.0849104 0.118391
0 0.947515 0.0651047 0.104243 0.130163
0 0.803261 0.621076 0.0921074 0.111792
0 0.074182 0.400677 0.105076 0.11961
0 0.211833 0.422567 0.0797972 0.0931776
0 0.589922 0.885877 0.0894987 0.126343
0 0.409373 0.306197 0.0901812 0.117198
0 0.839534 0.0608142 0.0909611 0.121524
0 0.3849 0.708755 0.0943596 0.1193
0 0.945222 0.204923 0.10859 0.132212
0 0.509566 0.3099 0.099171 0.122922
0 0.711198 0.475396 0.0966885 0.118139
0 0.638648 0.0470044 0.0974733 0.0940088
0 0.877575 0.901625 0.0895657 0.118632
0 0.890173 0.63269 0.0817212 0.101903
0 0.0570199 0.955808 0.101841 0.0882673
0 0.525658 0.0445041 0.09517 0.0890083
0 0.167113 0.957334 0.099656 0.0851642
0 0.106831 0.0332014 0.100225 0.0663931
0 0.375634 0.965359 0.09522 0.0686268
0 0.47724 0.968076 0.0927794 0.0633074
0 0.0173021 0.539052 0.0346041 0.128931
0 0.0192793 0.106348 0.0385144 0.158775
0 0.0213442 0.263808 0.0426885 0.132667
0 0.576459 0.973263 0.0948166 0.0534743
0 0.683412 0.981268 0.0938279 0.0374643
0 0.0165649 0.400752 0.0331298 0.118101
0 0.785556 0.985359 0.103153 0.029282
0 0.878629 0.986201 0.105742 0.027599
1 0.982205 0.975472 0.0348587 0.047926
0 0.010639 0.827504 0.0212075 0.128138
