1 0.0566086 0.26065 0.113217 0.13728
1 0.145653 0.542489 0.101755 0.156676
1 0.346199 0.565747 0.0855814 0.131338
1 0.270144 0.291158 0.0818398 0.108075
1 0.250822 0.805759 0.030662 0.0434275
1 0.46091 0.288144 0.0445721 0.0859271
1 0.448541 0.29702 0.0755598 0.111639
1 0.0566086 0.26065 0.113217 0.13728
1 0.145653 0.542489 0.101755 0.156676
1 0.346199 0.565747 0.0855814 0.131338
1 0.270144 0.291158 0.0818398 0.108075
1 0.250822 0.805759 0.030662 0.0434275
1 0.46091 0.288144 0.0445721 0.0859271
1 0.448541 0.29702 0.0755598 0.111639
