0 0.30351 0.357377 0.104245 0.148553
0 0.167326 0.680347 0.112816 0.145987
0 0.0535814 0.84795 0.106648 0.138953
0 0.679345 0.893253 0.105969 0.144271
0 0.426212 0.351515 0.0991148 0.133332
0 0.558089 0.0487247 0.111916 0.0973885
0 0.293883 0.677777 0.0996765 0.130687
0 0.927899 0.360073 0.107677 0.129405
0 0.170753 0.851705 0.0978125 0.135357
0 0.924526 0.544101 0.124381 0.145027
0 0.170626 0.510774 0.102992 0.128662
0 0.292128 0.518203 0.0982614 0.129309
0 0.93373 0.191156 0.13068 0.144696
0 0.296587 0.857175 0.0975576 0.142502
0 0.551877 0.859804 0.0929474 0.124937
0 0.153408 0.333937 0.103723 0.132084
0 0.425005 0.866829 0.101592 0.134961
0 0.167596 0.160924 0.0984285 0.129787
0 0.0488015 0.352125 0.097603 0.139197
0 0.421539 0.690395 0.0825951 0.108642
0 0.690817 0.188375 0.107357 0.132955
0 0.0561203 0.510632 0.112241 0.14398
0 0.675593 0.707605 0.111632 0.148319
0 0.0610541 0.154294 0.0922093 0.113391
0 0.668285 0.518418 0.089641 0.116899
0 0.555188 0.18339 0.11204 0.162619
0 0.422422 0.519091 0.0800188 0.107145
0 0.0472048 0.66732 0.0944096 0.122875
0 0.922603 0.0540257 0.107408 0.107894
0 0.930119 0.704226 0.103649 0.127468
0 0.553631 0.357539 0.112357 0.162014
0 0.799922 0.360138 0.109988 0.143851
0 0.803265 0.192174 0.119441 0.146968
0 0.549428 0.69185 0.092891 0.122155
0 0.799903 0.867481 0.117492 0.150327
0 0.549173 0.533297 0.103737 0.146672
0 0.805688 0.0548137 0.123939 0.109627
0 0.428843 0.171166 0.0925215 0.124577
0 0.684363 0.0470765 0.115806 0.0940245
0 0.683203 0.370884 0.120599 0.165934
0 0.438681 0.036624 0.111917 0.0728796
0 0.168327 0.969577 0.109578 0.0608453
0 0.0557025 0.964681 0.110708 0.0706376
0 0.183857 0.0297196 0.112332 0.0589888
0 0.795447 0.673336 0.0447454 0.0580438
0 0.786707 0.512631 0.053688 0.0659734
0 0.311327 0.0288584 0.0539706 0.0577167
0 0.792076 0.983279 0.120907 0.0334413
0 0.310753 0.180512 0.0713876 0.0955725
0 0.547436 0.986055 0.1042 0.0278901
0 0.286512 0.985521 0.0912271 0.0289579
0 0.421204 0.984988 0.115697 0.0300235
0 0.0731219 0.015009 0.0473939 0.0298479
0 0.315011 0.170673 0.0601137 0.0723534
0 0.30351 0.357377 0.104245 0.148553
0 0.167326 0.680347 0.112816 0.145987
0 0.0535814 0.84795 0.106648 0.138953
0 0.679345 0.893253 0.105969 0.144271
0 0.426212 0.351515 0.0991148 0.133332
0 0.558089 0.0487247 0.111916 0.0973885
0 0.293883 0.677777 0.0996765 0.130687
0 0.927899 0.360073 0.107677 0.129405
0 0.170753 0.851705 0.0978125 0.135357
0 0.924526 0.544101 0.124381 0.145027
0 0.170626 0.510774 0.102992 0.128662
0 0.292128 0.518203 0.0982614 0.129309
0 0.93373 0.191156 0.13068 0.144696
0 0.296587 0.857175 0.0975576 0.142502
0 0.551877 0.859804 0.0929474 0.124937
0 0.153408 0.333937 0.103723 0.132084
0 0.425005 0.866829 0.101592 0.134961
0 0.167596 0.160924 0.0984285 0.129787
0 0.0488015 0.352125 0.097603 0.139197
0 0.421539 0.690395 0.0825951 0.108642
0 0.690817 0.188375 0.107357 0.132955
0 0.0561203 0.510632 0.112241 0.14398
0 0.675593 0.707605 0.111632 0.148319
0 0.0610541 0.154294 0.0922093 0.113391
0 0.668285 0.518418 0.089641 0.116899
0 0.555188 0.18339 0.11204 0.162619
0 0.422422 0.519091 0.0800188 0.107145
0 0.0472048 0.66732 0.0944096 0.122875
0 0.922603 0.0540257 0.107408 0.107894
0 0.930119 0.704226 0.103649 0.127468
0 0.553631 0.357539 0.112357 0.162014
0 0.799922 0.360138 0.109988 0.143851
0 0.803265 0.192174 0.119441 0.146968
0 0.549428 0.69185 0.092891 0.122155
0 0.799903 0.867481 0.117492 0.150327
0 0.549173 0.533297 0.103737 0.146672
0 0.805688 0.0548137 0.123939 0.109627
0 0.428843 0.171166 0.0925215 0.124577
0 0.684363 0.0470765 0.115806 0.0940245
0 0.683203 0.370884 0.120599 0.165934
0 0.438681 0.036624 0.111917 0.0728796
0 0.168327 0.969577 0.109578 0.0608453
0 0.0557025 0.964681 0.110708 0.0706376
0 0.183857 0.0297196 0.112332 0.0589888
0 0.795447 0.673336 0.0447454 0.0580438
0 0.786707 0.512631 0.053688 0.0659734
0 0.311327 0.0288584 0.0539706 0.0577167
0 0.792076 0.983279 0.120907 0.0334413
0 0.310753 0.180512 0.0713876 0.0955725
0 0.547436 0.986055 0.1042 0.0278901
0 0.286512 0.985521 0.0912271 0.0289579
0 0.421204 0.984988 0.115697 0.0300235
0 0.0731219 0.015009 0.0473939 0.0298479
0 0.315011 0.170673 0.0601137 0.0723534
