0 0.313618 0.564249 0.0981044 0.120259
0 0.775996 0.68618 0.0755638 0.101207
0 0.779765 0.833372 0.102455 0.140682
0 0.612067 0.687964 0.0784315 0.12067
0 0.672263 0.428994 0.0736746 0.0865186
0 0.96392 0.564442 0.0721609 0.118192
0 0.587929 0.403785 0.0908674 0.117035
0 0.309138 0.953699 0.128829 0.0926024
0 0.774663 0.950256 0.0807285 0.0990817
0 0.140705 0.790083 0.133673 0.177187
0 0.68291 0.956406 0.0704478 0.0867901
0 0.881765 0.332022 0.100705 0.107982
0 0.967271 0.3348 0.0654265 0.0948713
0 0.96684 0.951211 0.0663205 0.0967941
0 0.164571 0.375489 0.115789 0.164586
0 0.771737 0.43097 0.0916614 0.109608
0 0.882345 0.432877 0.0993496 0.115659
0 0.682429 0.689305 0.06678 0.090155
0 0.877232 0.691723 0.0942886 0.116027
0 0.879705 0.952216 0.0818174 0.0955673
0 0.309728 0.771445 0.106053 0.123943
0 0.0852168 0.419099 0.102435 0.135074
1 0.968166 0.136649 0.0601585 0.0602583
1 0.672744 0.131399 0.0433131 0.0591389
0 0.96694 0.426464 0.0659821 0.0941067
0 0.370238 0.3691 0.0780361 0.113568
0 0.961524 0.831223 0.0769519 0.108111
0 0.299499 0.343853 0.10539 0.137685
0 0.359452 0.0373733 0.0702892 0.0746321
0 0.878606 0.832397 0.0748274 0.104144
1 0.674033 0.270568 0.0750315 0.0777863
1 0.741374 0.128859 0.0548779 0.0645871
0 0.742211 0.0628717 0.0594188 0.0689749
0 0.255015 0.401757 0.0876131 0.132042
1 0.795039 0.131029 0.0327747 0.0514589
1 0.677533 0.801977 0.0519699 0.0631528
0 0.95981 0.0550638 0.0722668 0.0764153
0 0.778772 0.346064 0.0744581 0.0876935
1 0.855752 0.127837 0.0676508 0.0663997
0 0.67399 0.344184 0.0795566 0.0904388
1 0.411889 0.0580022 0.0287842 0.0370964
1 0.619409 0.126911 0.0450336 0.0605549
0 0.865902 0.0633539 0.062796 0.0749984
1 0.601274 0.494308 0.0829586 0.0900761
0 0.0277728 0.45518 0.0555455 0.128409
1 0.837734 0.278374 0.0408088 0.0473443
0 0.0306285 0.477254 0.061257 0.174175
0 0.957095 0.703644 0.0435112 0.058868
0 0.0218469 0.797779 0.0436938 0.199293
1 0.410383 0.0150461 0.0290294 0.0300922
0 0.144167 0.95636 0.116319 0.0870804
1 0.740878 0.311042 0.0461999 0.0526723
1 0.616604 0.312223 0.0451038 0.0556819
1 0.925999 0.279255 0.0490448 0.0436785
1 0.661116 0.865195 0.0373297 0.0450643
1 0.413006 0.0945654 0.0302537 0.0318757
1 0.870717 0.563984 0.0390465 0.0468362
1 0.793661 0.292922 0.0413071 0.0527386
1 0.615369 0.302 0.0462867 0.075438
0 0.313618 0.564249 0.0981044 0.120259
0 0.775996 0.68618 0.0755638 0.101207
0 0.779765 0.833372 0.102455 0.140682
0 0.612067 0.687964 0.0784315 0.12067
0 0.672263 0.428994 0.0736746 0.0865186
0 0.96392 0.564442 0.0721609 0.118192
0 0.587929 0.403785 0.0908674 0.117035
0 0.309138 0.953699 0.128829 0.0926024
0 0.774663 0.950256 0.0807285 0.0990817
0 0.140705 0.790083 0.133673 0.177187
0 0.68291 0.956406 0.0704478 0.0867901
0 0.881765 0.332022 0.100705 0.107982
0 0.967271 0.3348 0.0654265 0.0948713
0 0.96684 0.951211 0.0663205 0.0967941
0 0.164571 0.375489 0.115789 0.164586
0 0.771737 0.43097 0.0916614 0.109608
0 0.882345 0.432877 0.0993496 0.115659
0 0.682429 0.689305 0.06678 0.090155
0 0.877232 0.691723 0.0942886 0.116027
0 0.879705 0.952216 0.0818174 0.0955673
0 0.309728 0.771445 0.106053 0.123943
0 0.0852168 0.419099 0.102435 0.135074
1 0.968166 0.136649 0.0601585 0.0602583
1 0.672744 0.131399 0.0433131 0.0591389
0 0.96694 0.426464 0.0659821 0.0941067
0 0.370238 0.3691 0.0780361 0.113568
0 0.961524 0.831223 0.0769519 0.108111
0 0.299499 0.343853 0.10539 0.137685
0 0.359452 0.0373733 0.0702892 0.0746321
0 0.878606 0.832397 0.0748274 0.104144
1 0.674033 0.270568 0.0750315 0.0777863
1 0.741374 0.128859 0.0548779 0.0645871
0 0.742211 0.0628717 0.0594188 0.0689749
0 0.255015 0.401757 0.0876131 0.132042
1 0.795039 0.131029 0.0327747 0.0514589
1 0.677533 0.801977 0.0519699 0.0631528
0 0.95981 0.0550638 0.0722668 0.0764153
0 0.778772 0.346064 0.0744581 0.0876935
1 0.855752 0.127837 0.0676508 0.0663997
0 0.67399 0.344184 0.0795566 0.0904388
1 0.411889 0.0580022 0.0287842 0.0370964
1 0.619409 0.126911 0.0450336 0.0605549
0 0.865902 0.0633539 0.062796 0.0749984
1 0.601274 0.494308 0.0829586 0.0900761
0 0.0277728 0.45518 0.0555455 0.128409
1 0.837734 0.278374 0.0408088 0.0473443
0 0.0306285 0.477254 0.061257 0.174175
0 0.957095 0.703644 0.0435112 0.058868
0 0.0218469 0.797779 0.0436938 0.199293
1 0.410383 0.0150461 0.0290294 0.0300922
0 0.144167 0.95636 0.116319 0.0870804
1 0.740878 0.311042 0.0461999 0.0526723
1 0.616604 0.312223 0.0451038 0.0556819
1 0.925999 0.279255 0.0490448 0.0436785
1 0.661116 0.865195 0.0373297 0.0450643
1 0.413006 0.0945654 0.0302537 0.0318757
1 0.870717 0.563984 0.0390465 0.0468362
1 0.793661 0.292922 0.0413071 0.0527386
1 0.615369 0.302 0.0462867 0.075438
