0 0.101902 0.952072 0.0903509 0.0958553
0 0.85173 0.346262 0.0857987 0.107993
0 0.252636 0.48907 0.0896404 0.102833
0 0.35309 0.16714 0.10611 0.135871
0 0.620148 0.0414411 0.096622 0.0828822
0 0.0377821 0.160173 0.0755642 0.0948671
0 0.126498 0.150415 0.0864196 0.098452
0 0.238663 0.656831 0.0950034 0.115571
0 0.846307 0.183835 0.0825928 0.0990749
0 0.947594 0.190506 0.102075 0.120809
0 0.743163 0.685584 0.106194 0.13409
0 0.13968 0.289639 0.0750975 0.0864954
0 0.851171 0.519303 0.113924 0.13579
0 0.964682 0.869648 0.0706358 0.158366
0 0.958283 0.0500676 0.0834344 0.0996372
0 0.240785 0.176363 0.0889182 0.107178
0 0.610864 0.187107 0.0889021 0.114691
0 0.952369 0.67479 0.0704182 0.0851742
0 0.355758 0.839191 0.101725 0.125653
0 0.966446 0.525315 0.0661266 0.0900683
0 0.0309015 0.271732 0.0617859 0.109683
0 0.742259 0.351657 0.106695 0.136361
0 0.483503 0.500795 0.0980572 0.124625
0 0.487851 0.336293 0.0812113 0.0961685
0 0.470669 0.839966 0.103382 0.128989
0 0.722252 0.511214 0.0919332 0.108441
0 0.958864 0.347187 0.0724058 0.0871688
0 0.609195 0.682929 0.10884 0.131484
0 0.608702 0.353657 0.0965956 0.120065
0 0.223578 0.826856 0.0879155 0.0992302
0 0.0395395 0.0396603 0.0790791 0.0793196
0 0.127812 0.0368603 0.0955042 0.073314
0 0.0245586 0.68154 0.048987 0.0792751
0 0.492346 0.185068 0.0928247 0.111359
0 0.354933 0.668063 0.0794769 0.106365
0 0.0280726 0.410944 0.0559338 0.0949628
0 0.0285003 0.550094 0.0570007 0.0823831
0 0.605214 0.51249 0.0862059 0.101654
0 0.359622 0.494204 0.0912587 0.100018
0 0.228113 0.962408 0.0892357 0.0738361
0 0.360555 0.329932 0.0772313 0.0903618
1 0.594463 0.96235 0.0886185 0.0753
0 0.363492 0.96894 0.0852457 0.0611847
0 0.364388 0.0320627 0.0905748 0.064092
0 0.49552 0.671421 0.0600956 0.0753623
0 0.117264 0.691999 0.0740271 0.0774109
0 0.254496 0.0264307 0.0844331 0.0525528
0 0.128186 0.418833 0.0810866 0.0894819
0 0.020791 0.944662 0.041582 0.110675
0 0.479903 0.975653 0.0857922 0.0485293
0 0.251476 0.327007 0.0649679 0.0768347
0 0.028157 0.817973 0.056307 0.0875077
0 0.738051 0.0388363 0.0626987 0.0773836
0 0.959773 0.981558 0.0793507 0.0368831
0 0.118879 0.816184 0.0504737 0.0601689
0 0.842316 0.980283 0.0964769 0.0394335
1 0.49488 0.0321947 0.0552557 0.0629638
0 0.101902 0.952072 0.0903509 0.0958553
0 0.85173 0.346262 0.0857987 0.107993
0 0.252636 0.48907 0.0896404 0.102833
0 0.35309 0.16714 0.10611 0.135871
0 0.620148 0.0414411 0.096622 0.0828822
0 0.0377821 0.160173 0.0755642 0.0948671
0 0.126498 0.150415 0.0864196 0.098452
0 0.238663 0.656831 0.0950034 0.115571
0 0.846307 0.183835 0.0825928 0.0990749
0 0.947594 0.190506 0.102075 0.120809
0 0.743163 0.685584 0.106194 0.13409
0 0.13968 0.289639 0.0750975 0.0864954
0 0.851171 0.519303 0.113924 0.13579
0 0.964682 0.869648 0.0706358 0.158366
0 0.958283 0.0500676 0.0834344 0.0996372
0 0.240785 0.176363 0.0889182 0.107178
0 0.610864 0.187107 0.0889021 0.114691
0 0.952369 0.67479 0.0704182 0.0851742
0 0.355758 0.839191 0.101725 0.125653
0 0.966446 0.525315 0.0661266 0.0900683
0 0.0309015 0.271732 0.0617859 0.109683
0 0.742259 0.351657 0.106695 0.136361
0 0.483503 0.500795 0.0980572 0.124625
0 0.487851 0.336293 0.0812113 0.0961685
0 0.470669 0.839966 0.103382 0.128989
0 0.722252 0.511214 0.0919332 0.108441
0 0.958864 0.347187 0.0724058 0.0871688
0 0.609195 0.682929 0.10884 0.131484
0 0.608702 0.353657 0.0965956 0.120065
0 0.223578 0.826856 0.0879155 0.0992302
0 0.0395395 0.0396603 0.0790791 0.0793196
0 0.127812 0.0368603 0.0955042 0.073314
0 0.0245586 0.68154 0.048987 0.0792751
0 0.492346 0.185068 0.0928247 0.111359
0 0.354933 0.668063 0.0794769 0.106365
0 0.0280726 0.410944 0.0559338 0.0949628
0 0.0285003 0.550094 0.0570007 0.0823831
0 0.605214 0.51249 0.0862059 0.101654
0 0.359622 0.494204 0.0912587 0.100018
0 0.228113 0.962408 0.0892357 0.0738361
0 0.360555 0.329932 0.0772313 0.0903618
1 0.594463 0.96235 0.0886185 0.0753
0 0.363492 0.96894 0.0852457 0.0611847
0 0.364388 0.0320627 0.0905748 0.064092
0 0.49552 0.671421 0.0600956 0.0753623
0 0.117264 0.691999 0.0740271 0.0774109
0 0.254496 0.0264307 0.0844331 0.0525528
0 0.128186 0.418833 0.0810866 0.0894819
0 0.020791 0.944662 0.041582 0.110675
0 0.479903 0.975653 0.0857922 0.0485293
0 0.251476 0.327007 0.0649679 0.0768347
0 0.028157 0.817973 0.056307 0.0875077
0 0.738051 0.0388363 0.0626987 0.0773836
0 0.959773 0.981558 0.0793507 0.0368831
0 0.118879 0.816184 0.0504737 0.0601689
0 0.842316 0.980283 0.0964769 0.0394335
1 0.49488 0.0321947 0.0552557 0.0629638
