0 0.670431 0.720761 0.0962242 0.130292
0 0.678086 0.167079 0.101853 0.13307
0 0.676044 0.576467 0.098773 0.129938
0 0.875627 0.717059 0.105547 0.127923
0 0.678794 0.0418068 0.0788242 0.0836136
0 0.77467 0.853 0.0875784 0.131387
0 0.875312 0.853598 0.111184 0.145552
0 0.776237 0.576413 0.0950154 0.118145
0 0.885853 0.299459 0.105042 0.14242
0 0.964878 0.0553838 0.0702448 0.107256
0 0.875751 0.44093 0.0941761 0.111043
0 0.137852 0.426494 0.126838 0.144765
0 0.772119 0.302622 0.0957832 0.118889
0 0.67546 0.447031 0.087668 0.0935304
0 0.873066 0.582819 0.0779369 0.10214
0 0.154976 0.628426 0.128487 0.152062
0 0.777524 0.0459458 0.0868196 0.0918917
0 0.961618 0.186137 0.076584 0.105988
0 0.320511 0.611984 0.10484 0.127712
0 0.969247 0.325422 0.0606025 0.101789
0 0.665454 0.840615 0.0712932 0.0940125
0 0.651596 0.368646 0.104881 0.121557
0 0.879329 0.049591 0.0864901 0.0987551
0 0.963217 0.717372 0.0735048 0.1283
0 0.313899 0.434998 0.115339 0.141991
0 0.962602 0.583905 0.0747551 0.127927
0 0.765778 0.176502 0.0708485 0.091023
0 0.158148 0.837106 0.10447 0.123789
0 0.314706 0.241974 0.0883315 0.101948
0 0.307036 0.043228 0.125085 0.0862284
0 0.964258 0.856057 0.0713341 0.117933
0 0.126763 0.216362 0.115359 0.145172
0 0.969849 0.450458 0.0603022 0.13845
0 0.327276 0.82507 0.0910553 0.111075
0 0.766322 0.447147 0.0568192 0.0739587
0 0.877662 0.965575 0.089967 0.0681948
0 0.77452 0.9719 0.0816801 0.0562004
0 0.763167 0.711134 0.0636057 0.0810649
0 0.150473 0.0424838 0.115518 0.0847323
0 0.0333966 0.418701 0.0667604 0.160061
0 0.678559 0.30599 0.060885 0.067565
0 0.965819 0.969202 0.068363 0.0612065
0 0.0268096 0.856552 0.0536191 0.190295
0 0.0311057 0.0433701 0.0618352 0.086534
0 0.0190859 0.628838 0.038117 0.150456
1 0.663128 0.93545 0.0455546 0.0558513
0 0.670431 0.720761 0.0962242 0.130292
0 0.678086 0.167079 0.101853 0.13307
0 0.676044 0.576467 0.098773 0.129938
0 0.875627 0.717059 0.105547 0.127923
0 0.678794 0.0418068 0.0788242 0.0836136
0 0.77467 0.853 0.0875784 0.131387
0 0.875312 0.853598 0.111184 0.145552
0 0.776237 0.576413 0.0950154 0.118145
0 0.885853 0.299459 0.105042 0.14242
0 0.964878 0.0553838 0.0702448 0.107256
0 0.875751 0.44093 0.0941761 0.111043
0 0.137852 0.426494 0.126838 0.144765
0 0.772119 0.302622 0.0957832 0.118889
0 0.67546 0.447031 0.087668 0.0935304
0 0.873066 0.582819 0.0779369 0.10214
0 0.154976 0.628426 0.128487 0.152062
0 0.777524 0.0459458 0.0868196 0.0918917
0 0.961618 0.186137 0.076584 0.105988
0 0.320511 0.611984 0.10484 0.127712
0 0.969247 0.325422 0.0606025 0.101789
0 0.665454 0.840615 0.0712932 0.0940125
0 0.651596 0.368646 0.104881 0.121557
0 0.879329 0.049591 0.0864901 0.0987551
0 0.963217 0.717372 0.0735048 0.1283
0 0.313899 0.434998 0.115339 0.141991
0 0.962602 0.583905 0.0747551 0.127927
0 0.765778 0.176502 0.0708485 0.091023
0 0.158148 0.837106 0.10447 0.123789
0 0.314706 0.241974 0.0883315 0.101948
0 0.307036 0.043228 0.125085 0.0862284
0 0.964258 0.856057 0.0713341 0.117933
0 0.126763 0.216362 0.115359 0.145172
0 0.969849 0.450458 0.0603022 0.13845
0 0.327276 0.82507 0.0910553 0.111075
0 0.766322 0.447147 0.0568192 0.0739587
0 0.877662 0.965575 0.089967 0.0681948
0 0.77452 0.9719 0.0816801 0.0562004
0 0.763167 0.711134 0.0636057 0.0810649
0 0.150473 0.0424838 0.115518 0.0847323
0 0.0333966 0.418701 0.0667604 0.160061
0 0.678559 0.30599 0.060885 0.067565
0 0.965819 0.969202 0.068363 0.0612065
0 0.0268096 0.856552 0.0536191 0.190295
0 0.0311057 0.0433701 0.0618352 0.086534
0 0.0190859 0.628838 0.038117 0.150456
1 0.663128 0.93545 0.0455546 0.0558513
