1 0.39478 0.200311 0.167693 0.245499
0 0.12383 0.646823 0.11662 0.144324
0 0.602182 0.854708 0.0902133 0.11653
0 0.917731 0.626999 0.111558 0.130064
0 0.229709 0.657752 0.0992366 0.137518
0 0.700803 0.868468 0.0812878 0.104112
0 0.798618 0.875856 0.0991563 0.122587
0 0.716603 0.733544 0.09601 0.123724
0 0.611011 0.724767 0.105007 0.122248
0 0.487931 0.857789 0.0968954 0.117202
1 0.893908 0.104015 0.171301 0.205401
0 0.726292 0.61803 0.100366 0.0972987
0 0.898209 0.756857 0.0688806 0.0757799
0 0.893524 0.889745 0.0823681 0.108303
1 0.437253 0.501087 0.104017 0.158372
0 0.809373 0.745978 0.086441 0.111953
0 0.973417 0.901326 0.0531658 0.131684
0 0.584999 0.962278 0.100394 0.0753451
0 0.0285832 0.799745 0.0570267 0.148233
0 0.122185 0.799151 0.0967 0.122706
0 0.494017 0.673408 0.075419 0.0943103
0 0.242631 0.810145 0.0792791 0.100419
0 0.685787 0.970356 0.0934311 0.0587812
0 0.0276581 0.454174 0.0552154 0.147867
1 0.75654 0.197864 0.197128 0.198779
0 0.0277539 0.618023 0.0555078 0.149877
0 0.238858 0.961657 0.0898349 0.0757957
1 0.0628374 0.331754 0.125675 0.175748
0 0.788317 0.974171 0.0993179 0.0514554
1 0.207567 0.420455 0.228077 0.319836
0 0.980282 0.75922 0.0394362 0.0899302
1 0.617612 0.477276 0.0780203 0.103302
0 0.343635 0.97219 0.0922386 0.05537
0 0.985607 0.632127 0.0287852 0.121602
0 0.887199 0.979403 0.100175 0.0411945
1 0.53493 0.501052 0.0897785 0.166879
1 0.598287 0.588486 0.0904268 0.123662
1 0.692199 0.570107 0.126454 0.0848694
1 0.785548 0.193515 0.137636 0.194992
1 0.519616 0.571426 0.0622936 0.104313
1 0.707834 0.425887 0.121015 0.202846
1 0.91255 0.412064 0.174452 0.235594
1 0.176672 0.40943 0.17741 0.30222
1 0.702013 0.202117 0.0957501 0.135698
1 0.223459 0.462058 0.244509 0.234825
1 0.0911077 0.334348 0.178767 0.176732
1 0.808793 0.473968 0.0936451 0.118987
1 0.535467 0.47309 0.0885161 0.113394
1 0.853381 0.526337 0.0500164 0.0564436
1 0.937758 0.432494 0.124485 0.189719
1 0.708724 0.380037 0.113042 0.112359
0 0.94289 0.234363 0.0820637 0.0865278
1 0.35707 0.504548 0.0389823 0.0909467
1 0.868841 0.353025 0.125299 0.151443
1 0.39478 0.200311 0.167693 0.245499
0 0.12383 0.646823 0.11662 0.144324
0 0.602182 0.854708 0.0902133 0.11653
0 0.917731 0.626999 0.111558 0.130064
0 0.229709 0.657752 0.0992366 0.137518
0 0.700803 0.868468 0.0812878 0.104112
0 0.798618 0.875856 0.0991563 0.122587
0 0.716603 0.733544 0.09601 0.123724
0 0.611011 0.724767 0.105007 0.122248
0 0.487931 0.857789 0.0968954 0.117202
1 0.893908 0.104015 0.171301 0.205401
0 0.726292 0.61803 0.100366 0.0972987
0 0.898209 0.756857 0.0688806 0.0757799
0 0.893524 0.889745 0.0823681 0.108303
1 0.437253 0.501087 0.104017 0.158372
0 0.809373 0.745978 0.086441 0.111953
0 0.973417 0.901326 0.0531658 0.131684
0 0.584999 0.962278 0.100394 0.0753451
0 0.0285832 0.799745 0.0570267 0.148233
0 0.122185 0.799151 0.0967 0.122706
0 0.494017 0.673408 0.075419 0.0943103
0 0.242631 0.810145 0.0792791 0.100419
0 0.685787 0.970356 0.0934311 0.0587812
0 0.0276581 0.454174 0.0552154 0.147867
1 0.75654 0.197864 0.197128 0.198779
0 0.0277539 0.618023 0.0555078 0.149877
0 0.238858 0.961657 0.0898349 0.0757957
1 0.0628374 0.331754 0.125675 0.175748
0 0.788317 0.974171 0.0993179 0.0514554
1 0.207567 0.420455 0.228077 0.319836
0 0.980282 0.75922 0.0394362 0.0899302
1 0.617612 0.477276 0.0780203 0.103302
0 0.343635 0.97219 0.0922386 0.05537
0 0.985607 0.632127 0.0287852 0.121602
0 0.887199 0.979403 0.100175 0.0411945
1 0.53493 0.501052 0.0897785 0.166879
1 0.598287 0.588486 0.0904268 0.123662
1 0.692199 0.570107 0.126454 0.0848694
1 0.785548 0.193515 0.137636 0.194992
1 0.519616 0.571426 0.0622936 0.104313
1 0.707834 0.425887 0.121015 0.202846
1 0.91255 0.412064 0.174452 0.235594
1 0.176672 0.40943 0.17741 0.30222
1 0.702013 0.202117 0.0957501 0.135698
1 0.223459 0.462058 0.244509 0.234825
1 0.0911077 0.334348 0.178767 0.176732
1 0.808793 0.473968 0.0936451 0.118987
1 0.535467 0.47309 0.0885161 0.113394
1 0.853381 0.526337 0.0500164 0.0564436
1 0.937758 0.432494 0.124485 0.189719
1 0.708724 0.380037 0.113042 0.112359
0 0.94289 0.234363 0.0820637 0.0865278
1 0.35707 0.504548 0.0389823 0.0909467
1 0.868841 0.353025 0.125299 0.151443
