1 0.088871 0.898841 0.121947 0.165501
1 0.491258 0.940363 0.153447 0.119274
1 0.306657 0.899938 0.138004 0.166744
0 0.386162 0.574117 0.119641 0.160635
0 0.141657 0.361001 0.121822 0.142969
0 0.516134 0.601966 0.0924776 0.128515
0 0.306032 0.206984 0.078067 0.112541
0 0.633283 0.804317 0.114716 0.156444
0 0.133722 0.529112 0.123536 0.150946
0 0.75598 0.821368 0.099399 0.129932
0 0.496008 0.788252 0.121083 0.163071
0 0.871477 0.832842 0.0796072 0.108799
0 0.377426 0.742882 0.101569 0.125019
0 0.433248 0.224746 0.102223 0.145101
0 0.12144 0.700618 0.0981814 0.1276
0 0.247586 0.725808 0.112833 0.133759
0 0.529322 0.428131 0.0650095 0.0888876
0 0.444592 0.0800622 0.0788462 0.0912401
0 0.413941 0.389511 0.063336 0.0857598
0 0.894394 0.661742 0.0761204 0.0989449
0 0.275829 0.532751 0.0654383 0.0830966
1 0.922122 0.15182 0.0856752 0.104421
0 0.66946 0.300699 0.0465294 0.0642113
0 0.28857 0.384083 0.0645677 0.0795358
1 0.694841 0.961072 0.123318 0.0778552
0 0.978565 0.874666 0.04287 0.132396
0 0.636063 0.615645 0.0567387 0.0814802
0 0.873567 0.0275192 0.0475296 0.0537914
0 0.647687 0.46653 0.0482536 0.0649724
0 0.438302 0.247563 0.0918508 0.101999
0 0.960116 0.027246 0.0792041 0.0544365
0 0.548917 0.258064 0.0424529 0.0543152
0 0.782679 0.4666 0.0434534 0.0588566
0 0.769977 0.630578 0.0355806 0.0526889
1 0.910646 0.318828 0.0460552 0.0545073
0 0.848787 0.0276068 0.0999017 0.0550375
0 0.694761 0.113752 0.0390198 0.053093
0 0.906516 0.489892 0.0349042 0.0417605
0 0.991254 0.686111 0.0174917 0.158901
1 0.807583 0.134521 0.0572277 0.0736124
1 0.185032 0.206911 0.0805856 0.0912794
0 0.188659 0.0231503 0.0328023 0.0456094
1 0.912639 0.963858 0.146873 0.0714256
1 0.088871 0.898841 0.121947 0.165501
1 0.491258 0.940363 0.153447 0.119274
1 0.306657 0.899938 0.138004 0.166744
0 0.386162 0.574117 0.119641 0.160635
0 0.141657 0.361001 0.121822 0.142969
0 0.516134 0.601966 0.0924776 0.128515
0 0.306032 0.206984 0.078067 0.112541
0 0.633283 0.804317 0.114716 0.156444
0 0.133722 0.529112 0.123536 0.150946
0 0.75598 0.821368 0.099399 0.129932
0 0.496008 0.788252 0.121083 0.163071
0 0.871477 0.832842 0.0796072 0.108799
0 0.377426 0.742882 0.101569 0.125019
0 0.433248 0.224746 0.102223 0.145101
0 0.12144 0.700618 0.0981814 0.1276
0 0.247586 0.725808 0.112833 0.133759
0 0.529322 0.428131 0.0650095 0.0888876
0 0.444592 0.0800622 0.0788462 0.0912401
0 0.413941 0.389511 0.063336 0.0857598
0 0.894394 0.661742 0.0761204 0.0989449
0 0.275829 0.532751 0.0654383 0.0830966
1 0.922122 0.15182 0.0856752 0.104421
0 0.66946 0.300699 0.0465294 0.0642113
0 0.28857 0.384083 0.0645677 0.0795358
1 0.694841 0.961072 0.123318 0.0778552
0 0.978565 0.874666 0.04287 0.132396
0 0.636063 0.615645 0.0567387 0.0814802
0 0.873567 0.0275192 0.0475296 0.0537914
0 0.647687 0.46653 0.0482536 0.0649724
0 0.438302 0.247563 0.0918508 0.101999
0 0.960116 0.027246 0.0792041 0.0544365
0 0.548917 0.258064 0.0424529 0.0543152
0 0.782679 0.4666 0.0434534 0.0588566
0 0.769977 0.630578 0.0355806 0.0526889
1 0.910646 0.318828 0.0460552 0.0545073
0 0.848787 0.0276068 0.0999017 0.0550375
0 0.694761 0.113752 0.0390198 0.053093
0 0.906516 0.489892 0.0349042 0.0417605
0 0.991254 0.686111 0.0174917 0.158901
1 0.807583 0.134521 0.0572277 0.0736124
1 0.185032 0.206911 0.0805856 0.0912794
0 0.188659 0.0231503 0.0328023 0.0456094
1 0.912639 0.963858 0.146873 0.0714256
