0 0.286574 0.911852 0.0831381 0.0987572
0 0.0374692 0.753532 0.0749384 0.0948927
0 0.460271 0.924302 0.0707736 0.0973562
0 0.037121 0.643183 0.0742419 0.0985055
0 0.414494 0.340444 0.0724407 0.0935029
0 0.574369 0.597861 0.0742411 0.0918275
0 0.51087 0.236023 0.0821089 0.0990616
0 0.501977 0.359733 0.064975 0.0793299
0 0.208112 0.774342 0.0653447 0.0844991
0 0.294172 0.790298 0.0728155 0.0996074
0 0.134864 0.531604 0.0840023 0.103301
0 0.553748 0.832126 0.0734411 0.0905543
0 0.730154 0.858816 0.0627247 0.0819317
0 0.381014 0.805524 0.0832767 0.108826
0 0.67 0.487195 0.0764942 0.0901681
0 0.94666 0.192408 0.0750429 0.0767493
0 0.846756 0.289447 0.0559139 0.0671372
0 0.0767787 0.168187 0.0888793 0.112306
0 0.244504 0.31756 0.0665377 0.0818242
0 0.128804 0.650178 0.0765748 0.0928274
0 0.650516 0.726704 0.071686 0.0825594
0 0.939379 0.305465 0.0760435 0.0855049
0 0.30337 0.677584 0.0848236 0.103442
0 0.82814 0.629008 0.0595719 0.0704179
0 0.0548531 0.397418 0.0958413 0.101808
0 0.212033 0.666672 0.076101 0.0949833
0 0.516792 0.122373 0.0705 0.0838322
0 0.168029 0.188274 0.0731921 0.0961576
0 0.976452 0.892385 0.0467546 0.0771818
0 0.332141 0.329349 0.0604952 0.074592
0 0.91846 0.41951 0.0540045 0.0670568
0 0.836738 0.51627 0.071852 0.0779848
0 0.925972 0.529286 0.0557096 0.0674919
0 0.645329 0.842028 0.0639874 0.0807584
0 0.761725 0.276045 0.061041 0.0723455
0 0.548006 0.944938 0.0619852 0.0805019
0 0.730711 0.735895 0.0602503 0.0694926
0 0.819957 0.746432 0.0581909 0.0706388
0 0.164675 0.421384 0.0591649 0.0721867
0 0.239185 0.427562 0.0607319 0.0756466
0 0.22681 0.541069 0.0796918 0.0903857
0 0.47011 0.812516 0.0661066 0.0820199
0 0.768796 0.17064 0.0616539 0.0744453
0 0.669359 0.374337 0.0550631 0.0665381
0 0.655675 0.606649 0.0598621 0.074262
0 0.774164 0.0602183 0.0608576 0.070776
0 0.338386 0.219722 0.0565235 0.0675504
0 0.834387 0.409783 0.0471593 0.0550685
0 0.256485 0.207847 0.0530563 0.0632163
0 0.525662 0.0285181 0.0693617 0.056798
0 0.424464 0.225621 0.0531865 0.0641794
0 0.441246 0.0255092 0.0600485 0.0510183
0 0.410102 0.453469 0.0525196 0.0634263
0 0.397886 0.574708 0.0635691 0.0810575
0 0.166355 0.306381 0.0695465 0.0803804
0 0.324828 0.445077 0.0532424 0.0628791
0 0.980735 0.781901 0.0385306 0.0894323
1 0.397972 0.679871 0.0539613 0.0675547
0 0.750356 0.504721 0.0541507 0.0646252
0 0.752201 0.388201 0.042457 0.0537484
0 0.867838 0.0667723 0.0597795 0.0712134
0 0.58104 0.479371 0.0597345 0.0658544
1 0.627209 0.942602 0.05541 0.0782099
1 0.0477936 0.846244 0.0608389 0.0712225
0 0.738317 0.616686 0.0406352 0.0496427
0 0.360808 0.0167342 0.0505164 0.032996
0 0.563813 0.716042 0.0452933 0.0599233
0 0.434696 0.118741 0.0504934 0.0521738
0 0.208835 0.876986 0.0634149 0.085059
0 0.909037 0.645976 0.0462057 0.0531513
0 0.982209 0.540775 0.0355828 0.0743415
1 0.136682 0.762051 0.0533938 0.0650832
1 0.795911 0.972229 0.0530624 0.0527668
0 0.0165353 0.285288 0.0329272 0.0864499
1 0.587188 0.370166 0.0435976 0.0540754
0 0.895934 0.979765 0.0745966 0.0403999
1 0.198931 0.977667 0.0691499 0.0440935
1 0.883946 0.866996 0.0379176 0.0464506
0 0.967682 0.985163 0.0531517 0.029674
1 0.0318971 0.965854 0.0579373 0.0674501
1 0.38066 0.908592 0.0383677 0.0483839
0 0.0174804 0.173475 0.0347665 0.0726892
0 0.987683 0.426804 0.0246342 0.0871072
0 0.991659 0.313611 0.0166825 0.0779275
1 0.478483 0.685171 0.047612 0.0508316
1 0.0690035 0.519042 0.0495535 0.0611213
1 0.290888 0.983254 0.0609869 0.0333875
1 0.122294 0.976358 0.0674275 0.0466385
0 0.488463 0.580972 0.0502312 0.0540733
1 0.122102 0.983642 0.067551 0.0327158
1 0.706876 0.961039 0.0590796 0.068575
0 0.00713473 0.505885 0.0142695 0.091672
0 0.286574 0.911852 0.0831381 0.0987572
0 0.0374692 0.753532 0.0749384 0.0948927
0 0.460271 0.924302 0.0707736 0.0973562
0 0.037121 0.643183 0.0742419 0.0985055
0 0.414494 0.340444 0.0724407 0.0935029
0 0.574369 0.597861 0.0742411 0.0918275
0 0.51087 0.236023 0.0821089 0.0990616
0 0.501977 0.359733 0.064975 0.0793299
0 0.208112 0.774342 0.0653447 0.0844991
0 0.294172 0.790298 0.0728155 0.0996074
0 0.134864 0.531604 0.0840023 0.103301
0 0.553748 0.832126 0.0734411 0.0905543
0 0.730154 0.858816 0.0627247 0.0819317
0 0.381014 0.805524 0.0832767 0.108826
0 0.67 0.487195 0.0764942 0.0901681
0 0.94666 0.192408 0.0750429 0.0767493
0 0.846756 0.289447 0.0559139 0.0671372
0 0.0767787 0.168187 0.0888793 0.112306
0 0.244504 0.31756 0.0665377 0.0818242
0 0.128804 0.650178 0.0765748 0.0928274
0 0.650516 0.726704 0.071686 0.0825594
0 0.939379 0.305465 0.0760435 0.0855049
0 0.30337 0.677584 0.0848236 0.103442
0 0.82814 0.629008 0.0595719 0.0704179
0 0.0548531 0.397418 0.0958413 0.101808
0 0.212033 0.666672 0.076101 0.0949833
0 0.516792 0.122373 0.0705 0.0838322
0 0.168029 0.188274 0.0731921 0.0961576
0 0.976452 0.892385 0.0467546 0.0771818
0 0.332141 0.329349 0.0604952 0.074592
0 0.91846 0.41951 0.0540045 0.0670568
0 0.836738 0.51627 0.071852 0.0779848
0 0.925972 0.529286 0.0557096 0.0674919
0 0.645329 0.842028 0.0639874 0.0807584
0 0.761725 0.276045 0.061041 0.0723455
0 0.548006 0.944938 0.0619852 0.0805019
0 0.730711 0.735895 0.0602503 0.0694926
0 0.819957 0.746432 0.0581909 0.0706388
0 0.164675 0.421384 0.0591649 0.0721867
0 0.239185 0.427562 0.0607319 0.0756466
0 0.22681 0.541069 0.0796918 0.0903857
0 0.47011 0.812516 0.0661066 0.0820199
0 0.768796 0.17064 0.0616539 0.0744453
0 0.669359 0.374337 0.0550631 0.0665381
0 0.655675 0.606649 0.0598621 0.074262
0 0.774164 0.0602183 0.0608576 0.070776
0 0.338386 0.219722 0.0565235 0.0675504
0 0.834387 0.409783 0.0471593 0.0550685
0 0.256485 0.207847 0.0530563 0.0632163
0 0.525662 0.0285181 0.0693617 0.056798
0 0.424464 0.225621 0.0531865 0.0641794
0 0.441246 0.0255092 0.0600485 0.0510183
0 0.410102 0.453469 0.0525196 0.0634263
0 0.397886 0.574708 0.0635691 0.0810575
0 0.166355 0.306381 0.0695465 0.0803804
0 0.324828 0.445077 0.0532424 0.0628791
0 0.980735 0.781901 0.0385306 0.0894323
1 0.397972 0.679871 0.0539613 0.0675547
0 0.750356 0.504721 0.0541507 0.0646252
0 0.752201 0.388201 0.042457 0.0537484
0 0.867838 0.0667723 0.0597795 0.0712134
0 0.58104 0.479371 0.0597345 0.0658544
1 0.627209 0.942602 0.05541 0.0782099
1 0.0477936 0.846244 0.0608389 0.0712225
0 0.738317 0.616686 0.0406352 0.0496427
0 0.360808 0.0167342 0.0505164 0.032996
0 0.563813 0.716042 0.0452933 0.0599233
0 0.434696 0.118741 0.0504934 0.0521738
0 0.208835 0.876986 0.0634149 0.085059
0 0.909037 0.645976 0.0462057 0.0531513
0 0.982209 0.540775 0.0355828 0.0743415
1 0.136682 0.762051 0.0533938 0.0650832
1 0.795911 0.972229 0.0530624 0.0527668
0 0.0165353 0.285288 0.0329272 0.0864499
1 0.587188 0.370166 0.0435976 0.0540754
0 0.895934 0.979765 0.0745966 0.0403999
1 0.198931 0.977667 0.0691499 0.0440935
1 0.883946 0.866996 0.0379176 0.0464506
0 0.967682 0.985163 0.0531517 0.029674
1 0.0318971 0.965854 0.0579373 0.0674501
1 0.38066 0.908592 0.0383677 0.0483839
0 0.0174804 0.173475 0.0347665 0.0726892
0 0.987683 0.426804 0.0246342 0.0871072
0 0.991659 0.313611 0.0166825 0.0779275
1 0.478483 0.685171 0.047612 0.0508316
1 0.0690035 0.519042 0.0495535 0.0611213
1 0.290888 0.983254 0.0609869 0.0333875
1 0.122294 0.976358 0.0674275 0.0466385
0 0.488463 0.580972 0.0502312 0.0540733
1 0.122102 0.983642 0.067551 0.0327158
1 0.706876 0.961039 0.0590796 0.068575
0 0.00713473 0.505885 0.0142695 0.091672
