0 0.428237 0.952079 0.0966694 0.0958411
0 0.344329 0.267825 0.0923306 0.131226
0 0.0508178 0.575425 0.101593 0.146735
0 0.441844 0.799162 0.092136 0.130913
0 0.157702 0.939537 0.111146 0.11979
0 0.461795 0.633887 0.117301 0.163596
0 0.0627143 0.213145 0.123735 0.148095
0 0.185447 0.407978 0.111548 0.138177
0 0.0461095 0.759835 0.092219 0.153631
0 0.2135 0.0639294 0.105142 0.127859
0 0.0800303 0.0559552 0.124639 0.11191
0 0.175024 0.771597 0.101517 0.142837
0 0.196433 0.235009 0.122517 0.167546
0 0.301594 0.942779 0.0822562 0.113982
0 0.0387352 0.935167 0.0716913 0.0869199
0 0.463541 0.457772 0.0840391 0.125938
0 0.487698 0.296527 0.0459631 0.0722402
1 0.368167 0.114974 0.0641827 0.0670573
0 0.338815 0.444442 0.059131 0.0921548
0 0.498425 0.129836 0.0512493 0.063609
0 0.203324 0.60463 0.0374691 0.0536317
0 0.338608 0.615396 0.0385773 0.0587105
0 0.428237 0.952079 0.0966694 0.0958411
0 0.344329 0.267825 0.0923306 0.131226
0 0.0508178 0.575425 0.101593 0.146735
0 0.441844 0.799162 0.092136 0.130913
0 0.157702 0.939537 0.111146 0.11979
0 0.461795 0.633887 0.117301 0.163596
0 0.0627143 0.213145 0.123735 0.148095
0 0.185447 0.407978 0.111548 0.138177
0 0.0461095 0.759835 0.092219 0.153631
0 0.2135 0.0639294 0.105142 0.127859
0 0.0800303 0.0559552 0.124639 0.11191
0 0.175024 0.771597 0.101517 0.142837
0 0.196433 0.235009 0.122517 0.167546
0 0.301594 0.942779 0.0822562 0.113982
0 0.0387352 0.935167 0.0716913 0.0869199
0 0.463541 0.457772 0.0840391 0.125938
0 0.487698 0.296527 0.0459631 0.0722402
1 0.368167 0.114974 0.0641827 0.0670573
0 0.338815 0.444442 0.059131 0.0921548
0 0.498425 0.129836 0.0512493 0.063609
0 0.203324 0.60463 0.0374691 0.0536317
0 0.338608 0.615396 0.0385773 0.0587105
