0 0.630423 0.890903 0.108014 0.148545
0 0.64465 0.53181 0.101836 0.124917
0 0.256803 0.522138 0.107492 0.120865
0 0.524917 0.209273 0.101623 0.134637
0 0.640994 0.714293 0.11273 0.143517
0 0.527144 0.054648 0.0966234 0.108649
0 0.259632 0.695537 0.105987 0.127782
0 0.644959 0.380488 0.0973511 0.125349
0 0.514752 0.528213 0.0958547 0.11606
0 0.776093 0.0579944 0.115624 0.115989
0 0.155432 0.0512719 0.119193 0.102544
0 0.140927 0.183881 0.110569 0.126849
0 0.416744 0.0428221 0.0855046 0.0856443
0 0.647448 0.205291 0.101739 0.127526
0 0.135035 0.68719 0.104563 0.123813
0 0.76712 0.716982 0.101385 0.126106
0 0.0308798 0.690469 0.0617363 0.126245
0 0.273884 0.0451421 0.098931 0.0902843
0 0.135138 0.854795 0.101434 0.126279
0 0.402136 0.199142 0.0949518 0.098397
0 0.404185 0.304112 0.114244 0.138057
0 0.261119 0.862866 0.105997 0.137
0 0.142888 0.346756 0.108359 0.124737
0 0.526529 0.352831 0.0845391 0.107296
0 0.762292 0.89404 0.100342 0.143517
0 0.266667 0.35692 0.0973813 0.113245
0 0.271426 0.198106 0.0965654 0.109183
0 0.031025 0.170515 0.0620263 0.131417
0 0.761577 0.545228 0.107755 0.127233
0 0.400818 0.702262 0.0969639 0.122152
0 0.0324081 0.857665 0.0648163 0.145872
0 0.133774 0.520036 0.102373 0.118281
0 0.766442 0.385243 0.0964584 0.1116
0 0.389342 0.523508 0.0995464 0.124307
0 0.773362 0.22253 0.118608 0.137932
1 0.938364 0.396513 0.0779987 0.0932627
0 0.0350696 0.0322303 0.0701269 0.0644607
1 0.505793 0.894126 0.106687 0.154454
0 0.383428 0.379465 0.0844477 0.0853852
0 0.634754 0.045758 0.0567091 0.0771201
0 0.984419 0.920879 0.0310662 0.151742
0 0.0293088 0.523965 0.0555393 0.0764917
0 0.507963 0.984458 0.100963 0.0310839
1 0.0381996 0.332781 0.063219 0.0855605
0 0.389764 0.984539 0.0842493 0.030922
0 0.144567 0.981547 0.099137 0.0369066
0 0.979968 0.57378 0.0395861 0.0961782
0 0.630423 0.890903 0.108014 0.148545
0 0.64465 0.53181 0.101836 0.124917
0 0.256803 0.522138 0.107492 0.120865
0 0.524917 0.209273 0.101623 0.134637
0 0.640994 0.714293 0.11273 0.143517
0 0.527144 0.054648 0.0966234 0.108649
0 0.259632 0.695537 0.105987 0.127782
0 0.644959 0.380488 0.0973511 0.125349
0 0.514752 0.528213 0.0958547 0.11606
0 0.776093 0.0579944 0.115624 0.115989
0 0.155432 0.0512719 0.119193 0.102544
0 0.140927 0.183881 0.110569 0.126849
0 0.416744 0.0428221 0.0855046 0.0856443
0 0.647448 0.205291 0.101739 0.127526
0 0.135035 0.68719 0.104563 0.123813
0 0.76712 0.716982 0.101385 0.126106
0 0.0308798 0.690469 0.0617363 0.126245
0 0.273884 0.0451421 0.098931 0.0902843
0 0.135138 0.854795 0.101434 0.126279
0 0.402136 0.199142 0.0949518 0.098397
0 0.404185 0.304112 0.114244 0.138057
0 0.261119 0.862866 0.105997 0.137
0 0.142888 0.346756 0.108359 0.124737
0 0.526529 0.352831 0.0845391 0.107296
0 0.762292 0.89404 0.100342 0.143517
0 0.266667 0.35692 0.0973813 0.113245
0 0.271426 0.198106 0.0965654 0.109183
0 0.031025 0.170515 0.0620263 0.131417
0 0.761577 0.545228 0.107755 0.127233
0 0.400818 0.702262 0.0969639 0.122152
0 0.0324081 0.857665 0.0648163 0.145872
0 0.133774 0.520036 0.102373 0.118281
0 0.766442 0.385243 0.0964584 0.1116
0 0.389342 0.523508 0.0995464 0.124307
0 0.773362 0.22253 0.118608 0.137932
1 0.938364 0.396513 0.0779987 0.0932627
0 0.0350696 0.0322303 0.0701269 0.0644607
1 0.505793 0.894126 0.106687 0.154454
0 0.383428 0.379465 0.0844477 0.0853852
0 0.634754 0.045758 0.0567091 0.0771201
0 0.984419 0.920879 0.0310662 0.151742
0 0.0293088 0.523965 0.0555393 0.0764917
0 0.507963 0.984458 0.100963 0.0310839
1 0.0381996 0.332781 0.063219 0.0855605
0 0.389764 0.984539 0.0842493 0.030922
0 0.144567 0.981547 0.099137 0.0369066
0 0.979968 0.57378 0.0395861 0.0961782
