0 0.455327 0.0817174 0.0714973 0.0936446
0 0.183479 0.295465 0.0674075 0.0870367
0 0.258259 0.52956 0.0769075 0.0914987
0 0.351413 0.540537 0.0765587 0.0970225
0 0.502546 0.911463 0.081513 0.105882
0 0.794053 0.35232 0.0759157 0.0943737
0 0.687737 0.689338 0.0817213 0.103924
0 0.368127 0.195436 0.0662169 0.086806
0 0.618076 0.336515 0.0704174 0.0870384
0 0.086901 0.50766 0.0756542 0.0870046
0 0.0992849 0.282501 0.0749221 0.0928763
0 0.0808575 0.628285 0.0710925 0.088293
0 0.269908 0.299164 0.0724726 0.0887127
0 0.234346 0.97422 0.0778618 0.0514152
0 0.108101 0.168831 0.0751925 0.0875865
0 0.520907 0.560375 0.0681549 0.0878685
0 0.245138 0.762636 0.0735448 0.0864802
0 0.777295 0.702706 0.0755593 0.0962237
0 0.0723316 0.859495 0.0674316 0.0811956
0 0.948974 0.840027 0.0837909 0.102896
0 0.542175 0.0964807 0.0642233 0.0815081
0 0.967713 0.137675 0.064043 0.08567
0 0.882504 0.356819 0.0807413 0.0963477
0 0.355461 0.422431 0.0682965 0.0878968
0 0.70331 0.350383 0.06476 0.080515
0 0.426763 0.663102 0.0701776 0.0843593
0 0.95717 0.603274 0.0803373 0.0997704
0 0.700377 0.460628 0.075409 0.0986079
0 0.0254439 0.268591 0.0508157 0.0931247
0 0.85609 0.943781 0.085059 0.10255
0 0.868818 0.592099 0.0704178 0.0847721
0 0.243741 0.876807 0.0639179 0.0789947
0 0.161223 0.865226 0.0663382 0.0769325
0 0.537639 0.212343 0.0693224 0.0894757
0 0.692861 0.57626 0.0655477 0.0789376
0 0.76706 0.933872 0.0816086 0.107106
0 0.515999 0.673633 0.0669548 0.0828344
0 0.0246343 0.384674 0.049141 0.0814382
0 0.678549 0.922259 0.0593491 0.0769426
0 0.602047 0.678833 0.0709899 0.09601
0 0.53451 0.324668 0.0735256 0.0959545
0 0.441695 0.433513 0.0593556 0.0753835
0 0.112023 0.0556562 0.0652437 0.0845477
0 0.155422 0.970899 0.0685779 0.0579689
0 0.715868 0.0204138 0.0461574 0.0404358
0 0.173537 0.637801 0.0651808 0.0790398
0 0.791281 0.461222 0.0654083 0.0848407
0 0.510163 0.793634 0.0761646 0.092613
0 0.266437 0.41481 0.0725614 0.0883615
0 0.0886612 0.74633 0.0671001 0.0834312
0 0.972322 0.0334264 0.0545821 0.0663918
0 0.10291 0.398359 0.065231 0.0745721
0 0.965544 0.250401 0.0652578 0.0859669
0 0.802113 0.117422 0.0558731 0.0764379
0 0.447063 0.315525 0.0600002 0.0769062
0 0.779112 0.578483 0.0622942 0.0811272
0 0.938068 0.952889 0.0610145 0.073272
0 0.435861 0.54865 0.0658863 0.0798867
0 0.606281 0.562465 0.0598175 0.0744739
0 0.875973 0.248562 0.0659294 0.0800273
0 0.285202 0.0689832 0.0519228 0.0600462
0 0.167749 0.748163 0.0539981 0.069411
0 0.527572 0.444225 0.0615794 0.071043
0 0.793608 0.243563 0.0527002 0.0644707
0 0.596246 0.920326 0.0623059 0.0817885
0 0.708519 0.238316 0.057615 0.0770164
0 0.803286 0.0264804 0.0592266 0.0526019
0 0.891559 0.0275489 0.0584816 0.0550977
0 0.25514 0.642223 0.0544547 0.0658664
0 0.17114 0.514024 0.063637 0.0727816
0 0.854713 0.825795 0.053721 0.0693879
0 0.942982 0.714994 0.0546326 0.0700765
0 0.628625 0.103949 0.0581436 0.0754726
0 0.883015 0.12571 0.0491308 0.0647767
0 0.378659 0.0851213 0.0454522 0.0571865
0 0.61955 0.222979 0.0408824 0.0585159
0 0.632553 0.0158872 0.0449652 0.0314962
0 0.613435 0.454514 0.0507259 0.0609476
0 0.0375068 0.0504013 0.049147 0.0643656
0 0.0688947 0.965533 0.0473261 0.0534546
0 0.192871 0.181745 0.0412961 0.0518593
0 0.0169027 0.618739 0.0336505 0.0939649
0 0.019606 0.505685 0.0391681 0.0956968
0 0.276588 0.189287 0.0465996 0.065856
0 0.0303195 0.164399 0.0394158 0.0470802
0 0.446598 0.202343 0.0448548 0.0585032
0 0.414798 0.985268 0.0663313 0.0294644
0 0.958333 0.491299 0.0447014 0.0622697
0 0.0131862 0.738081 0.0261359 0.0886776
0 0.552446 0.0118388 0.0408801 0.0236777
0 0.00887413 0.849059 0.0176781 0.076948
0 0.382998 0.0116112 0.050157 0.0232225
0 0.455327 0.0817174 0.0714973 0.0936446
0 0.183479 0.295465 0.0674075 0.0870367
0 0.258259 0.52956 0.0769075 0.0914987
0 0.351413 0.540537 0.0765587 0.0970225
0 0.502546 0.911463 0.081513 0.105882
0 0.794053 0.35232 0.0759157 0.0943737
0 0.687737 0.689338 0.0817213 0.103924
0 0.368127 0.195436 0.0662169 0.086806
0 0.618076 0.336515 0.0704174 0.0870384
0 0.086901 0.50766 0.0756542 0.0870046
0 0.0992849 0.282501 0.0749221 0.0928763
0 0.0808575 0.628285 0.0710925 0.088293
0 0.269908 0.299164 0.0724726 0.0887127
0 0.234346 0.97422 0.0778618 0.0514152
0 0.108101 0.168831 0.0751925 0.0875865
0 0.520907 0.560375 0.0681549 0.0878685
0 0.245138 0.762636 0.0735448 0.0864802
0 0.777295 0.702706 0.0755593 0.0962237
0 0.0723316 0.859495 0.0674316 0.0811956
0 0.948974 0.840027 0.0837909 0.102896
0 0.542175 0.0964807 0.0642233 0.0815081
0 0.967713 0.137675 0.064043 0.08567
0 0.882504 0.356819 0.0807413 0.0963477
0 0.355461 0.422431 0.0682965 0.0878968
0 0.70331 0.350383 0.06476 0.080515
0 0.426763 0.663102 0.0701776 0.0843593
0 0.95717 0.603274 0.0803373 0.0997704
0 0.700377 0.460628 0.075409 0.0986079
0 0.0254439 0.268591 0.0508157 0.0931247
0 0.85609 0.943781 0.085059 0.10255
0 0.868818 0.592099 0.0704178 0.0847721
0 0.243741 0.876807 0.0639179 0.0789947
0 0.161223 0.865226 0.0663382 0.0769325
0 0.537639 0.212343 0.0693224 0.0894757
0 0.692861 0.57626 0.0655477 0.0789376
0 0.76706 0.933872 0.0816086 0.107106
0 0.515999 0.673633 0.0669548 0.0828344
0 0.0246343 0.384674 0.049141 0.0814382
0 0.678549 0.922259 0.0593491 0.0769426
0 0.602047 0.678833 0.0709899 0.09601
0 0.53451 0.324668 0.0735256 0.0959545
0 0.441695 0.433513 0.0593556 0.0753835
0 0.112023 0.0556562 0.0652437 0.0845477
0 0.155422 0.970899 0.0685779 0.0579689
0 0.715868 0.0204138 0.0461574 0.0404358
0 0.173537 0.637801 0.0651808 0.0790398
0 0.791281 0.461222 0.0654083 0.0848407
0 0.510163 0.793634 0.0761646 0.092613
0 0.266437 0.41481 0.0725614 0.0883615
0 0.0886612 0.74633 0.0671001 0.0834312
0 0.972322 0.0334264 0.0545821 0.0663918
0 0.10291 0.398359 0.065231 0.0745721
0 0.965544 0.250401 0.0652578 0.0859669
0 0.802113 0.117422 0.0558731 0.0764379
0 0.447063 0.315525 0.0600002 0.0769062
0 0.779112 0.578483 0.0622942 0.0811272
0 0.938068 0.952889 0.0610145 0.073272
0 0.435861 0.54865 0.0658863 0.0798867
0 0.606281 0.562465 0.0598175 0.0744739
0 0.875973 0.248562 0.0659294 0.0800273
0 0.285202 0.0689832 0.0519228 0.0600462
0 0.167749 0.748163 0.0539981 0.069411
0 0.527572 0.444225 0.0615794 0.071043
0 0.793608 0.243563 0.0527002 0.0644707
0 0.596246 0.920326 0.0623059 0.0817885
0 0.708519 0.238316 0.057615 0.0770164
0 0.803286 0.0264804 0.0592266 0.0526019
0 0.891559 0.0275489 0.0584816 0.0550977
0 0.25514 0.642223 0.0544547 0.0658664
0 0.17114 0.514024 0.063637 0.0727816
0 0.854713 0.825795 0.053721 0.0693879
0 0.942982 0.714994 0.0546326 0.0700765
0 0.628625 0.103949 0.0581436 0.0754726
0 0.883015 0.12571 0.0491308 0.0647767
0 0.378659 0.0851213 0.0454522 0.0571865
0 0.61955 0.222979 0.0408824 0.0585159
0 0.632553 0.0158872 0.0449652 0.0314962
0 0.613435 0.454514 0.0507259 0.0609476
0 0.0375068 0.0504013 0.049147 0.0643656
0 0.0688947 0.965533 0.0473261 0.0534546
0 0.192871 0.181745 0.0412961 0.0518593
0 0.0169027 0.618739 0.0336505 0.0939649
0 0.019606 0.505685 0.0391681 0.0956968
0 0.276588 0.189287 0.0465996 0.065856
0 0.0303195 0.164399 0.0394158 0.0470802
0 0.446598 0.202343 0.0448548 0.0585032
0 0.414798 0.985268 0.0663313 0.0294644
0 0.958333 0.491299 0.0447014 0.0622697
0 0.0131862 0.738081 0.0261359 0.0886776
0 0.552446 0.0118388 0.0408801 0.0236777
0 0.00887413 0.849059 0.0176781 0.076948
0 0.382998 0.0116112 0.050157 0.0232225
