0 0.864199 0.336264 0.0997677 0.129974
0 0.669114 0.595243 0.0958864 0.124213
0 0.876611 0.0610811 0.0993489 0.122146
0 0.664128 0.72764 0.0849382 0.113499
0 0.317655 0.496981 0.110202 0.119204
0 0.773554 0.0602717 0.0841948 0.112657
0 0.956611 0.741879 0.0860943 0.139357
0 0.953365 0.599618 0.0930579 0.134159
0 0.958836 0.19537 0.0823271 0.127187
0 0.765054 0.460604 0.0782053 0.100043
0 0.76403 0.599473 0.0817629 0.11524
0 0.667992 0.463573 0.108711 0.133428
0 0.664168 0.970511 0.0741169 0.0589781
0 0.865021 0.204683 0.0827656 0.102038
0 0.673549 0.190743 0.0922797 0.123107
0 0.763332 0.733192 0.0895277 0.126795
0 0.864902 0.459166 0.0832482 0.101657
0 0.954132 0.867318 0.0880369 0.109089
0 0.853972 0.858509 0.0802997 0.103004
0 0.860251 0.734326 0.0811934 0.119835
0 0.320969 0.0878588 0.103414 0.129806
0 0.31884 0.706595 0.106321 0.105503
0 0.754723 0.858143 0.0830557 0.10905
0 0.661583 0.325283 0.111163 0.147177
0 0.151038 0.798014 0.0985823 0.123111
0 0.657084 0.864483 0.0802748 0.107757
0 0.953156 0.465918 0.0865494 0.11
0 0.152355 0.287528 0.123062 0.157428
0 0.321511 0.804526 0.0976908 0.111571
0 0.162434 0.0824135 0.12108 0.140824
0 0.857633 0.597765 0.0733051 0.0994975
0 0.962002 0.329733 0.0759956 0.134674
0 0.234496 0.807836 0.0906425 0.125807
0 0.966009 0.0652732 0.0679825 0.128663
0 0.314358 0.39205 0.107969 0.108747
0 0.326467 0.291557 0.0996303 0.119401
0 0.316347 0.607839 0.105419 0.108882
0 0.773014 0.32709 0.0833528 0.124563
0 0.950186 0.963036 0.088218 0.0739282
0 0.76364 0.21568 0.0690444 0.0915782
0 0.0319031 0.270129 0.0637545 0.151793
0 0.0330063 0.499734 0.066005 0.113166
0 0.0313457 0.733928 0.0626914 0.13556
0 0.856692 0.971985 0.0825211 0.0555286
0 0.0300328 0.611998 0.0600039 0.123619
0 0.0354889 0.39086 0.0708556 0.105451
0 0.767345 0.971125 0.0880696 0.0575219
0 0.140379 0.925827 0.120574 0.145723
0 0.708353 0.348614 0.0634482 0.107733
0 0.429612 0.169599 0.0376236 0.0484561
0 0.0173962 0.0800178 0.0347605 0.159965
1 0.662297 0.0615477 0.0430391 0.0536741
0 0.864199 0.336264 0.0997677 0.129974
0 0.669114 0.595243 0.0958864 0.124213
0 0.876611 0.0610811 0.0993489 0.122146
0 0.664128 0.72764 0.0849382 0.113499
0 0.317655 0.496981 0.110202 0.119204
0 0.773554 0.0602717 0.0841948 0.112657
0 0.956611 0.741879 0.0860943 0.139357
0 0.953365 0.599618 0.0930579 0.134159
0 0.958836 0.19537 0.0823271 0.127187
0 0.765054 0.460604 0.0782053 0.100043
0 0.76403 0.599473 0.0817629 0.11524
0 0.667992 0.463573 0.108711 0.133428
0 0.664168 0.970511 0.0741169 0.0589781
0 0.865021 0.204683 0.0827656 0.102038
0 0.673549 0.190743 0.0922797 0.123107
0 0.763332 0.733192 0.0895277 0.126795
0 0.864902 0.459166 0.0832482 0.101657
0 0.954132 0.867318 0.0880369 0.109089
0 0.853972 0.858509 0.0802997 0.103004
0 0.860251 0.734326 0.0811934 0.119835
0 0.320969 0.0878588 0.103414 0.129806
0 0.31884 0.706595 0.106321 0.105503
0 0.754723 0.858143 0.0830557 0.10905
0 0.661583 0.325283 0.111163 0.147177
0 0.151038 0.798014 0.0985823 0.123111
0 0.657084 0.864483 0.0802748 0.107757
0 0.953156 0.465918 0.0865494 0.11
0 0.152355 0.287528 0.123062 0.157428
0 0.321511 0.804526 0.0976908 0.111571
0 0.162434 0.0824135 0.12108 0.140824
0 0.857633 0.597765 0.0733051 0.0994975
0 0.962002 0.329733 0.0759956 0.134674
0 0.234496 0.807836 0.0906425 0.125807
0 0.966009 0.0652732 0.0679825 0.128663
0 0.314358 0.39205 0.107969 0.108747
0 0.326467 0.291557 0.0996303 0.119401
0 0.316347 0.607839 0.105419 0.108882
0 0.773014 0.32709 0.0833528 0.124563
0 0.950186 0.963036 0.088218 0.0739282
0 0.76364 0.21568 0.0690444 0.0915782
0 0.0319031 0.270129 0.0637545 0.151793
0 0.0330063 0.499734 0.066005 0.113166
0 0.0313457 0.733928 0.0626914 0.13556
0 0.856692 0.971985 0.0825211 0.0555286
0 0.0300328 0.611998 0.0600039 0.123619
0 0.0354889 0.39086 0.0708556 0.105451
0 0.767345 0.971125 0.0880696 0.0575219
0 0.140379 0.925827 0.120574 0.145723
0 0.708353 0.348614 0.0634482 0.107733
0 0.429612 0.169599 0.0376236 0.0484561
0 0.0173962 0.0800178 0.0347605 0.159965
1 0.662297 0.0615477 0.0430391 0.0536741
