0 0.807966 0.165358 0.0986838 0.130476
1 0.491977 0.717457 0.134009 0.188121
0 0.68701 0.288842 0.0893705 0.115988
0 0.907844 0.329993 0.116244 0.136019
0 0.475354 0.264534 0.0859361 0.119193
0 0.922797 0.196601 0.110849 0.133453
0 0.577463 0.278473 0.0935999 0.124807
0 0.248945 0.481532 0.0857978 0.106476
0 0.490467 0.108433 0.0854906 0.12302
0 0.549401 0.542727 0.0995058 0.123984
0 0.0556573 0.331566 0.0925244 0.100494
0 0.260363 0.224047 0.0932857 0.117516
0 0.592207 0.123361 0.0923878 0.124713
0 0.445238 0.535403 0.0871812 0.111931
0 0.93865 0.0501723 0.106263 0.100306
0 0.78139 0.45214 0.0930448 0.112383
0 0.682171 0.404204 0.0902217 0.0999818
0 0.761797 0.572108 0.0860544 0.108526
1 0.327987 0.396439 0.0796154 0.116052
0 0.816667 0.0448719 0.0960201 0.0893895
0 0.565443 0.410564 0.0879823 0.106127
0 0.694684 0.146245 0.0925175 0.126909
0 0.170302 0.0721273 0.0921383 0.118384
0 0.661247 0.845349 0.0772963 0.102059
0 0.471209 0.396279 0.083561 0.107918
0 0.612557 0.484912 0.0788393 0.101248
0 0.141808 0.187563 0.0969837 0.11893
0 0.152146 0.344194 0.0892411 0.104041
1 0.344444 0.132487 0.0788119 0.125165
0 0.268726 0.0876711 0.0906567 0.124195
0 0.0774455 0.0586628 0.0938658 0.113717
0 0.791441 0.310084 0.0967753 0.115274
0 0.900116 0.480606 0.111612 0.129109
1 0.954738 0.612919 0.0527356 0.068381
1 0.31074 0.589618 0.175553 0.135268
0 0.660323 0.557525 0.0747539 0.0826481
0 0.973715 0.488702 0.0525697 0.120454
0 0.706466 0.0392748 0.0924089 0.0785496
1 0.311738 0.617881 0.176575 0.192164
0 0.64169 0.943028 0.0827749 0.0943762
0 0.685235 0.486958 0.0803345 0.0815858
0 0.980747 0.348291 0.0385068 0.135416
0 0.0412811 0.173508 0.0825622 0.112174
0 0.146482 0.42608 0.0601511 0.0670386
0 0.491832 0.0178992 0.0881672 0.0353978
1 0.324911 0.700624 0.127157 0.109197
0 0.173372 0.479603 0.0663811 0.0753906
0 0.603821 0.0239563 0.10093 0.0479127
0 0.288232 0.0116462 0.0758578 0.0232924
1 0.847866 0.579054 0.084565 0.0674144
0 0.157107 0.42299 0.0847324 0.0658316
0 0.989086 0.201625 0.0218289 0.137432
1 0.336779 0.586848 0.123704 0.125948
1 0.313536 0.700963 0.079741 0.108616
0 0.807966 0.165358 0.0986838 0.130476
1 0.491977 0.717457 0.134009 0.188121
0 0.68701 0.288842 0.0893705 0.115988
0 0.907844 0.329993 0.116244 0.136019
0 0.475354 0.264534 0.0859361 0.119193
0 0.922797 0.196601 0.110849 0.133453
0 0.577463 0.278473 0.0935999 0.124807
0 0.248945 0.481532 0.0857978 0.106476
0 0.490467 0.108433 0.0854906 0.12302
0 0.549401 0.542727 0.0995058 0.123984
0 0.0556573 0.331566 0.0925244 0.100494
0 0.260363 0.224047 0.0932857 0.117516
0 0.592207 0.123361 0.0923878 0.124713
0 0.445238 0.535403 0.0871812 0.111931
0 0.93865 0.0501723 0.106263 0.100306
0 0.78139 0.45214 0.0930448 0.112383
0 0.682171 0.404204 0.0902217 0.0999818
0 0.761797 0.572108 0.0860544 0.108526
1 0.327987 0.396439 0.0796154 0.116052
0 0.816667 0.0448719 0.0960201 0.0893895
0 0.565443 0.410564 0.0879823 0.106127
0 0.694684 0.146245 0.0925175 0.126909
0 0.170302 0.0721273 0.0921383 0.118384
0 0.661247 0.845349 0.0772963 0.102059
0 0.471209 0.396279 0.083561 0.107918
0 0.612557 0.484912 0.0788393 0.101248
0 0.141808 0.187563 0.0969837 0.11893
0 0.152146 0.344194 0.0892411 0.104041
1 0.344444 0.132487 0.0788119 0.125165
0 0.268726 0.0876711 0.0906567 0.124195
0 0.0774455 0.0586628 0.0938658 0.113717
0 0.791441 0.310084 0.0967753 0.115274
0 0.900116 0.480606 0.111612 0.129109
1 0.954738 0.612919 0.0527356 0.068381
1 0.31074 0.589618 0.175553 0.135268
0 0.660323 0.557525 0.0747539 0.0826481
0 0.973715 0.488702 0.0525697 0.120454
0 0.706466 0.0392748 0.0924089 0.0785496
1 0.311738 0.617881 0.176575 0.192164
0 0.64169 0.943028 0.0827749 0.0943762
0 0.685235 0.486958 0.0803345 0.0815858
0 0.980747 0.348291 0.0385068 0.135416
0 0.0412811 0.173508 0.0825622 0.112174
0 0.146482 0.42608 0.0601511 0.0670386
0 0.491832 0.0178992 0.0881672 0.0353978
1 0.324911 0.700624 0.127157 0.109197
0 0.173372 0.479603 0.0663811 0.0753906
0 0.603821 0.0239563 0.10093 0.0479127
0 0.288232 0.0116462 0.0758578 0.0232924
1 0.847866 0.579054 0.084565 0.0674144
0 0.157107 0.42299 0.0847324 0.0658316
0 0.989086 0.201625 0.0218289 0.137432
1 0.336779 0.586848 0.123704 0.125948
1 0.313536 0.700963 0.079741 0.108616
