0 0.918275 0.45672 0.114261 0.132624
0 0.397726 0.840076 0.10359 0.140028
0 0.715656 0.0947114 0.107289 0.141093
0 0.667124 0.207385 0.100081 0.125448
0 0.47148 0.0902672 0.101918 0.144096
0 0.329889 0.137492 0.109782 0.136277
0 0.616224 0.0626643 0.104358 0.124709
0 0.787345 0.510944 0.10473 0.12401
0 0.736036 0.316634 0.0958798 0.121121
0 0.84803 0.0628135 0.106231 0.125585
0 0.176382 0.801674 0.107899 0.13147
0 0.802554 0.217466 0.105976 0.132977
0 0.18918 0.499097 0.0898771 0.114381
0 0.874454 0.589182 0.117912 0.136193
0 0.939614 0.948072 0.110038 0.103522
0 0.231906 0.6895 0.101819 0.122948
0 0.627466 0.869098 0.0950861 0.122042
0 0.281135 0.568658 0.0880564 0.114656
0 0.364984 0.641539 0.089932 0.114615
0 0.955156 0.658631 0.0890092 0.123188
0 0.0665962 0.55247 0.108778 0.118597
0 0.302038 0.776554 0.115153 0.147319
0 0.234905 0.0615685 0.0948464 0.120552
0 0.844162 0.88604 0.0965782 0.117735
0 0.411569 0.22934 0.0936348 0.114442
0 0.0353266 0.048547 0.0706531 0.0970941
0 0.0860485 0.725678 0.112885 0.123148
0 0.683234 0.430075 0.0924305 0.112976
0 0.900485 0.264653 0.110119 0.131488
0 0.106546 0.280531 0.0893549 0.1075
0 0.563913 0.173481 0.0970863 0.140102
0 0.506367 0.29316 0.0851106 0.118823
0 0.0385586 0.361125 0.077006 0.112849
0 0.459789 0.396168 0.0780321 0.101888
0 0.342698 0.945267 0.111053 0.108129
0 0.446595 0.714116 0.101348 0.132307
0 0.547129 0.469582 0.0912119 0.118591
0 0.803854 0.687348 0.0852069 0.100865
0 0.67028 0.74228 0.0898496 0.114337
0 0.109938 0.43002 0.0961559 0.111606
0 0.249544 0.380491 0.0977816 0.116781
0 0.948155 0.131658 0.103691 0.132432
0 0.541534 0.781367 0.0881832 0.112112
0 0.758056 0.810365 0.0919761 0.116918
0 0.638914 0.543463 0.0920139 0.117339
0 0.58739 0.658695 0.0837491 0.105609
0 0.896518 0.767922 0.0916566 0.112989
0 0.833434 0.38257 0.105338 0.12829
0 0.287039 0.25108 0.0858456 0.109023
0 0.0500864 0.848949 0.100173 0.125678
0 0.191103 0.175521 0.0849161 0.100932
0 0.14583 0.628729 0.106156 0.120894
0 0.970535 0.840552 0.0589299 0.117417
0 0.415837 0.527806 0.0836759 0.107085
0 0.114866 0.911465 0.116405 0.133836
0 0.569222 0.953626 0.0991756 0.0927476
0 0.208524 0.958795 0.11035 0.0824103
0 0.71525 0.615525 0.0778725 0.0993581
0 0.0330723 0.663997 0.0661447 0.125854
0 0.384815 0.319055 0.0845315 0.107863
0 0.109083 0.105722 0.0953984 0.121825
0 0.374146 0.0326839 0.107467 0.0653677
0 0.959673 0.347445 0.0806267 0.13806
0 0.965455 0.0397141 0.06909 0.0794278
0 0.77094 0.0288189 0.106937 0.0576379
0 0.434288 0.974306 0.0990988 0.0509853
0 0.0196462 0.944983 0.0392708 0.105176
0 0.525093 0.149402 0.0763647 0.11184
0 0.0173117 0.178357 0.0344647 0.103794
0 0.33712 0.458792 0.0680736 0.0809831
0 0.762207 0.152188 0.0823769 0.0878347
0 0.0733582 0.224826 0.0672467 0.0744899
0 0.980113 0.536686 0.0397741 0.122942
0 0.0800103 0.985482 0.10852 0.0290354
0 0.985225 0.228308 0.0294699 0.121816
0 0.102493 0.990442 0.0907095 0.0191165
0 0.918275 0.45672 0.114261 0.132624
0 0.397726 0.840076 0.10359 0.140028
0 0.715656 0.0947114 0.107289 0.141093
0 0.667124 0.207385 0.100081 0.125448
0 0.47148 0.0902672 0.101918 0.144096
0 0.329889 0.137492 0.109782 0.136277
0 0.616224 0.0626643 0.104358 0.124709
0 0.787345 0.510944 0.10473 0.12401
0 0.736036 0.316634 0.0958798 0.121121
0 0.84803 0.0628135 0.106231 0.125585
0 0.176382 0.801674 0.107899 0.13147
0 0.802554 0.217466 0.105976 0.132977
0 0.18918 0.499097 0.0898771 0.114381
0 0.874454 0.589182 0.117912 0.136193
0 0.939614 0.948072 0.110038 0.103522
0 0.231906 0.6895 0.101819 0.122948
0 0.627466 0.869098 0.0950861 0.122042
0 0.281135 0.568658 0.0880564 0.114656
0 0.364984 0.641539 0.089932 0.114615
0 0.955156 0.658631 0.0890092 0.123188
0 0.0665962 0.55247 0.108778 0.118597
0 0.302038 0.776554 0.115153 0.147319
0 0.234905 0.0615685 0.0948464 0.120552
0 0.844162 0.88604 0.0965782 0.117735
0 0.411569 0.22934 0.0936348 0.114442
0 0.0353266 0.048547 0.0706531 0.0970941
0 0.0860485 0.725678 0.112885 0.123148
0 0.683234 0.430075 0.0924305 0.112976
0 0.900485 0.264653 0.110119 0.131488
0 0.106546 0.280531 0.0893549 0.1075
0 0.563913 0.173481 0.0970863 0.140102
0 0.506367 0.29316 0.0851106 0.118823
0 0.0385586 0.361125 0.077006 0.112849
0 0.459789 0.396168 0.0780321 0.101888
0 0.342698 0.945267 0.111053 0.108129
0 0.446595 0.714116 0.101348 0.132307
0 0.547129 0.469582 0.0912119 0.118591
0 0.803854 0.687348 0.0852069 0.100865
0 0.67028 0.74228 0.0898496 0.114337
0 0.109938 0.43002 0.0961559 0.111606
0 0.249544 0.380491 0.0977816 0.116781
0 0.948155 0.131658 0.103691 0.132432
0 0.541534 0.781367 0.0881832 0.112112
0 0.758056 0.810365 0.0919761 0.116918
0 0.638914 0.543463 0.0920139 0.117339
0 0.58739 0.658695 0.0837491 0.105609
0 0.896518 0.767922 0.0916566 0.112989
0 0.833434 0.38257 0.105338 0.12829
0 0.287039 0.25108 0.0858456 0.109023
0 0.0500864 0.848949 0.100173 0.125678
0 0.191103 0.175521 0.0849161 0.100932
0 0.14583 0.628729 0.106156 0.120894
0 0.970535 0.840552 0.0589299 0.117417
0 0.415837 0.527806 0.0836759 0.107085
0 0.114866 0.911465 0.116405 0.133836
0 0.569222 0.953626 0.0991756 0.0927476
0 0.208524 0.958795 0.11035 0.0824103
0 0.71525 0.615525 0.0778725 0.0993581
0 0.0330723 0.663997 0.0661447 0.125854
0 0.384815 0.319055 0.0845315 0.107863
0 0.109083 0.105722 0.0953984 0.121825
0 0.374146 0.0326839 0.107467 0.0653677
0 0.959673 0.347445 0.0806267 0.13806
0 0.965455 0.0397141 0.06909 0.0794278
0 0.77094 0.0288189 0.106937 0.0576379
0 0.434288 0.974306 0.0990988 0.0509853
0 0.0196462 0.944983 0.0392708 0.105176
0 0.525093 0.149402 0.0763647 0.11184
0 0.0173117 0.178357 0.0344647 0.103794
0 0.33712 0.458792 0.0680736 0.0809831
0 0.762207 0.152188 0.0823769 0.0878347
0 0.0733582 0.224826 0.0672467 0.0744899
0 0.980113 0.536686 0.0397741 0.122942
0 0.0800103 0.985482 0.10852 0.0290354
0 0.985225 0.228308 0.0294699 0.121816
0 0.102493 0.990442 0.0907095 0.0191165
