0 0.680455 0.390605 0.102665 0.140992
0 0.180011 0.208762 0.103125 0.136283
0 0.932118 0.553931 0.128138 0.159488
0 0.805426 0.554623 0.118037 0.159341
0 0.556551 0.553128 0.112514 0.162827
0 0.16032 0.89808 0.12992 0.158137
0 0.67994 0.55751 0.113925 0.15502
0 0.0558288 0.0548538 0.108094 0.109708
0 0.931837 0.389937 0.133418 0.154365
0 0.555776 0.0578666 0.0989882 0.115014
0 0.303038 0.540564 0.107923 0.149682
0 0.685274 0.215977 0.106936 0.148399
0 0.802993 0.380828 0.112541 0.15103
0 0.552786 0.728856 0.111006 0.160685
0 0.679405 0.0599664 0.101744 0.119933
0 0.803762 0.723211 0.123707 0.16161
0 0.166455 0.536714 0.124224 0.148622
0 0.304721 0.20288 0.101592 0.132983
0 0.433655 0.214006 0.107556 0.159303
0 0.561104 0.212592 0.104854 0.148671
0 0.430741 0.0517314 0.0981543 0.103088
0 0.811076 0.057282 0.0946809 0.114564
0 0.425239 0.88439 0.110071 0.16016
0 0.676441 0.724716 0.11601 0.160134
0 0.928961 0.895288 0.13806 0.167021
0 0.803715 0.210021 0.110786 0.150743
0 0.426051 0.383988 0.103212 0.154805
0 0.165612 0.370267 0.119825 0.149037
0 0.0560366 0.211414 0.109039 0.14157
0 0.0467901 0.536867 0.0934957 0.151375
0 0.93021 0.72397 0.137117 0.165881
0 0.426122 0.716823 0.113967 0.157409
0 0.0455037 0.710749 0.0910074 0.154787
0 0.298617 0.366638 0.105326 0.145505
0 0.174526 0.725062 0.128239 0.156394
0 0.557904 0.38266 0.10142 0.137253
0 0.800239 0.896697 0.125194 0.171578
0 0.934822 0.0702376 0.124882 0.140475
0 0.673783 0.899859 0.117636 0.166817
0 0.0458746 0.37491 0.0917492 0.144777
0 0.547068 0.898289 0.109056 0.166553
0 0.172489 0.043379 0.109586 0.086758
0 0.298431 0.0419239 0.10452 0.0835805
0 0.045218 0.862193 0.0903017 0.114006
0 0.911249 0.243473 0.0663876 0.0993816
0 0.298959 0.866041 0.0865945 0.103581
0 0.0455616 0.950038 0.090799 0.0970851
0 0.442156 0.552948 0.0595425 0.0845923
0 0.306563 0.716735 0.0367692 0.0450387
0 0.680455 0.390605 0.102665 0.140992
0 0.180011 0.208762 0.103125 0.136283
0 0.932118 0.553931 0.128138 0.159488
0 0.805426 0.554623 0.118037 0.159341
0 0.556551 0.553128 0.112514 0.162827
0 0.16032 0.89808 0.12992 0.158137
0 0.67994 0.55751 0.113925 0.15502
0 0.0558288 0.0548538 0.108094 0.109708
0 0.931837 0.389937 0.133418 0.154365
0 0.555776 0.0578666 0.0989882 0.115014
0 0.303038 0.540564 0.107923 0.149682
0 0.685274 0.215977 0.106936 0.148399
0 0.802993 0.380828 0.112541 0.15103
0 0.552786 0.728856 0.111006 0.160685
0 0.679405 0.0599664 0.101744 0.119933
0 0.803762 0.723211 0.123707 0.16161
0 0.166455 0.536714 0.124224 0.148622
0 0.304721 0.20288 0.101592 0.132983
0 0.433655 0.214006 0.107556 0.159303
0 0.561104 0.212592 0.104854 0.148671
0 0.430741 0.0517314 0.0981543 0.103088
0 0.811076 0.057282 0.0946809 0.114564
0 0.425239 0.88439 0.110071 0.16016
0 0.676441 0.724716 0.11601 0.160134
0 0.928961 0.895288 0.13806 0.167021
0 0.803715 0.210021 0.110786 0.150743
0 0.426051 0.383988 0.103212 0.154805
0 0.165612 0.370267 0.119825 0.149037
0 0.0560366 0.211414 0.109039 0.14157
0 0.0467901 0.536867 0.0934957 0.151375
0 0.93021 0.72397 0.137117 0.165881
0 0.426122 0.716823 0.113967 0.157409
0 0.0455037 0.710749 0.0910074 0.154787
0 0.298617 0.366638 0.105326 0.145505
0 0.174526 0.725062 0.128239 0.156394
0 0.557904 0.38266 0.10142 0.137253
0 0.800239 0.896697 0.125194 0.171578
0 0.934822 0.0702376 0.124882 0.140475
0 0.673783 0.899859 0.117636 0.166817
0 0.0458746 0.37491 0.0917492 0.144777
0 0.547068 0.898289 0.109056 0.166553
0 0.172489 0.043379 0.109586 0.086758
0 0.298431 0.0419239 0.10452 0.0835805
0 0.045218 0.862193 0.0903017 0.114006
0 0.911249 0.243473 0.0663876 0.0993816
0 0.298959 0.866041 0.0865945 0.103581
0 0.0455616 0.950038 0.090799 0.0970851
0 0.442156 0.552948 0.0595425 0.0845923
0 0.306563 0.716735 0.0367692 0.0450387
