0 0.253973 0.659357 0.118351 0.156047
0 0.256244 0.828528 0.118281 0.162393
0 0.107236 0.498474 0.121932 0.149091
0 0.649038 0.832255 0.113664 0.161025
0 0.125581 0.661549 0.115926 0.14635
0 0.64719 0.655008 0.110148 0.155007
0 0.900454 0.472604 0.12682 0.152
0 0.386485 0.664606 0.111405 0.154958
0 0.382435 0.491974 0.115529 0.161281
0 0.517165 0.832745 0.109065 0.161408
0 0.111167 0.327465 0.125849 0.159248
0 0.381294 0.315737 0.102684 0.140462
0 0.77917 0.645074 0.122278 0.154764
0 0.908628 0.814223 0.124906 0.156788
0 0.511463 0.648247 0.121747 0.170705
0 0.389349 0.837635 0.118718 0.169158
0 0.653179 0.467403 0.105929 0.148519
0 0.761545 0.303861 0.107993 0.136197
0 0.906235 0.632807 0.123692 0.151883
0 0.257273 0.477432 0.118439 0.165368
0 0.893437 0.300415 0.121027 0.153648
0 0.505412 0.310973 0.103547 0.134132
0 0.763167 0.462738 0.113077 0.153789
0 0.510346 0.46582 0.119815 0.167516
0 0.129992 0.838294 0.125651 0.153774
0 0.641598 0.29858 0.114047 0.153432
0 0.780637 0.829172 0.127656 0.192819
0 0.029364 0.841427 0.0586611 0.154851
0 0.247922 0.313518 0.105663 0.129904
0 0.361027 0.0475362 0.105802 0.0946911
0 0.0272925 0.667086 0.0545297 0.149485
0 0.915049 0.958122 0.127178 0.0832367
0 0.0255084 0.330633 0.050938 0.158712
0 0.524007 0.965076 0.118423 0.0695837
0 0.781256 0.963655 0.124347 0.0717458
0 0.654584 0.970104 0.0973146 0.0593203
0 0.263261 0.96431 0.128973 0.0713795
0 0.0186696 0.497015 0.037072 0.160797
0 0.128934 0.977397 0.0991673 0.0452061
0 0.392337 0.972826 0.120095 0.0543487
0 0.0330825 0.966817 0.0657122 0.0656375
0 0.984942 0.068115 0.0301163 0.131752
0 0.866297 0.0668309 0.0881431 0.114408
0 0.498868 0.0309107 0.109852 0.0616892
0 0.97592 0.0648567 0.0481597 0.126683
0 0.253973 0.659357 0.118351 0.156047
0 0.256244 0.828528 0.118281 0.162393
0 0.107236 0.498474 0.121932 0.149091
0 0.649038 0.832255 0.113664 0.161025
0 0.125581 0.661549 0.115926 0.14635
0 0.64719 0.655008 0.110148 0.155007
0 0.900454 0.472604 0.12682 0.152
0 0.386485 0.664606 0.111405 0.154958
0 0.382435 0.491974 0.115529 0.161281
0 0.517165 0.832745 0.109065 0.161408
0 0.111167 0.327465 0.125849 0.159248
0 0.381294 0.315737 0.102684 0.140462
0 0.77917 0.645074 0.122278 0.154764
0 0.908628 0.814223 0.124906 0.156788
0 0.511463 0.648247 0.121747 0.170705
0 0.389349 0.837635 0.118718 0.169158
0 0.653179 0.467403 0.105929 0.148519
0 0.761545 0.303861 0.107993 0.136197
0 0.906235 0.632807 0.123692 0.151883
0 0.257273 0.477432 0.118439 0.165368
0 0.893437 0.300415 0.121027 0.153648
0 0.505412 0.310973 0.103547 0.134132
0 0.763167 0.462738 0.113077 0.153789
0 0.510346 0.46582 0.119815 0.167516
0 0.129992 0.838294 0.125651 0.153774
0 0.641598 0.29858 0.114047 0.153432
0 0.780637 0.829172 0.127656 0.192819
0 0.029364 0.841427 0.0586611 0.154851
0 0.247922 0.313518 0.105663 0.129904
0 0.361027 0.0475362 0.105802 0.0946911
0 0.0272925 0.667086 0.0545297 0.149485
0 0.915049 0.958122 0.127178 0.0832367
0 0.0255084 0.330633 0.050938 0.158712
0 0.524007 0.965076 0.118423 0.0695837
0 0.781256 0.963655 0.124347 0.0717458
0 0.654584 0.970104 0.0973146 0.0593203
0 0.263261 0.96431 0.128973 0.0713795
0 0.0186696 0.497015 0.037072 0.160797
0 0.128934 0.977397 0.0991673 0.0452061
0 0.392337 0.972826 0.120095 0.0543487
0 0.0330825 0.966817 0.0657122 0.0656375
0 0.984942 0.068115 0.0301163 0.131752
0 0.866297 0.0668309 0.0881431 0.114408
0 0.498868 0.0309107 0.109852 0.0616892
0 0.97592 0.0648567 0.0481597 0.126683
