1 0.450117 0.368352 0.0857077 0.115774
1 0.373577 0.0837062 0.094553 0.130959
1 0.565739 0.112944 0.102671 0.130804
1 0.829606 0.411721 0.0943693 0.101903
1 0.525569 0.616251 0.0646397 0.0970807
1 0.885822 0.693506 0.100251 0.117216
1 0.943881 0.180014 0.0875827 0.101231
1 0.278397 0.348321 0.0991167 0.14266
1 0.640805 0.376033 0.0651601 0.0896973
1 0.196833 0.0732727 0.0441767 0.0693938
1 0.0457316 0.617446 0.0301776 0.0390963
1 0.279344 0.330627 0.0800581 0.0931492
1 0.336421 0.582724 0.0525196 0.0669642
1 0.188656 0.327106 0.0314697 0.0509705
1 0.194074 0.0737749 0.0544836 0.0839071
1 0.450117 0.368352 0.0857077 0.115774
1 0.373577 0.0837062 0.094553 0.130959
1 0.565739 0.112944 0.102671 0.130804
1 0.829606 0.411721 0.0943693 0.101903
1 0.525569 0.616251 0.0646397 0.0970807
1 0.885822 0.693506 0.100251 0.117216
1 0.943881 0.180014 0.0875827 0.101231
1 0.278397 0.348321 0.0991167 0.14266
1 0.640805 0.376033 0.0651601 0.0896973
1 0.196833 0.0732727 0.0441767 0.0693938
1 0.0457316 0.617446 0.0301776 0.0390963
1 0.279344 0.330627 0.0800581 0.0931492
1 0.336421 0.582724 0.0525196 0.0669642
1 0.188656 0.327106 0.0314697 0.0509705
1 0.194074 0.0737749 0.0544836 0.0839071
