0 0.518511 0.176945 0.0839763 0.113812
0 0.518443 0.315953 0.0879821 0.1103
0 0.945356 0.0849682 0.0971977 0.124519
0 0.614147 0.463752 0.0912178 0.120054
0 0.8829 0.896953 0.0794847 0.102191
0 0.802538 0.624791 0.0665312 0.0846382
0 0.630727 0.191851 0.0784348 0.103217
0 0.133086 0.197992 0.109334 0.15997
0 0.408949 0.0613941 0.1105 0.122788
0 0.733212 0.206256 0.078302 0.0943082
0 0.743629 0.0603351 0.0935938 0.12067
0 0.646479 0.0671154 0.0949274 0.121857
0 0.129929 0.550292 0.102205 0.142177
0 0.846255 0.0676627 0.101942 0.13445
0 0.70719 0.466258 0.0844797 0.108738
0 0.135178 0.376426 0.08308 0.113545
0 0.115915 0.879871 0.110909 0.147233
0 0.508607 0.451479 0.0823852 0.104678
0 0.685256 0.875125 0.0856956 0.113941
0 0.792584 0.881227 0.0834587 0.102603
0 0.599056 0.590766 0.0768763 0.0956683
0 0.581695 0.856642 0.0599686 0.0785934
0 0.837893 0.211538 0.0929661 0.118395
0 0.0361772 0.189822 0.0723544 0.128185
0 0.410876 0.242025 0.0996682 0.123019
0 0.379977 0.729019 0.0963794 0.115104
0 0.289223 0.0684048 0.0941169 0.124232
0 0.624062 0.33366 0.0857664 0.107085
0 0.357146 0.897261 0.0955786 0.119321
0 0.491926 0.713381 0.0591304 0.0745462
0 0.798976 0.74909 0.0853537 0.108585
0 0.245262 0.892209 0.0972937 0.104813
0 0.391184 0.569676 0.0902896 0.115929
0 0.923209 0.633253 0.11246 0.134654
0 0.257908 0.395705 0.0914203 0.108308
0 0.940968 0.212719 0.0847628 0.100788
0 0.398376 0.410582 0.0873917 0.112402
0 0.591513 0.728343 0.0597086 0.0730339
0 0.912664 0.481892 0.103141 0.129934
0 0.933926 0.358011 0.071304 0.0838198
0 0.245967 0.561102 0.0967141 0.126764
0 0.272044 0.221567 0.0852608 0.113393
0 0.245145 0.727632 0.0870789 0.108428
0 0.0236177 0.846396 0.0472354 0.106195
0 0.115907 0.698728 0.0653738 0.0757062
0 0.0200976 0.704839 0.0401691 0.147955
0 0.470195 0.964496 0.0738554 0.0702216
0 0.930257 0.511038 0.106674 0.101961
0 0.707571 0.613366 0.0675903 0.0861851
0 0.976216 0.912689 0.0475578 0.0965859
0 0.816417 0.353027 0.0437256 0.0531717
1 0.0346735 0.0389808 0.0660538 0.0768398
0 0.500731 0.583544 0.0483723 0.0593956
0 0.576277 0.976114 0.0689601 0.0475964
0 0.943623 0.518555 0.0847382 0.0895844
0 0.971791 0.775151 0.0564186 0.0934392
1 0.167373 0.0524935 0.0519181 0.0670459
0 0.721313 0.346838 0.0442529 0.067112
1 0.534104 0.0646303 0.0411852 0.0547795
0 0.518511 0.176945 0.0839763 0.113812
0 0.518443 0.315953 0.0879821 0.1103
0 0.945356 0.0849682 0.0971977 0.124519
0 0.614147 0.463752 0.0912178 0.120054
0 0.8829 0.896953 0.0794847 0.102191
0 0.802538 0.624791 0.0665312 0.0846382
0 0.630727 0.191851 0.0784348 0.103217
0 0.133086 0.197992 0.109334 0.15997
0 0.408949 0.0613941 0.1105 0.122788
0 0.733212 0.206256 0.078302 0.0943082
0 0.743629 0.0603351 0.0935938 0.12067
0 0.646479 0.0671154 0.0949274 0.121857
0 0.129929 0.550292 0.102205 0.142177
0 0.846255 0.0676627 0.101942 0.13445
0 0.70719 0.466258 0.0844797 0.108738
0 0.135178 0.376426 0.08308 0.113545
0 0.115915 0.879871 0.110909 0.147233
0 0.508607 0.451479 0.0823852 0.104678
0 0.685256 0.875125 0.0856956 0.113941
0 0.792584 0.881227 0.0834587 0.102603
0 0.599056 0.590766 0.0768763 0.0956683
0 0.581695 0.856642 0.0599686 0.0785934
0 0.837893 0.211538 0.0929661 0.118395
0 0.0361772 0.189822 0.0723544 0.128185
0 0.410876 0.242025 0.0996682 0.123019
0 0.379977 0.729019 0.0963794 0.115104
0 0.289223 0.0684048 0.0941169 0.124232
0 0.624062 0.33366 0.0857664 0.107085
0 0.357146 0.897261 0.0955786 0.119321
0 0.491926 0.713381 0.0591304 0.0745462
0 0.798976 0.74909 0.0853537 0.108585
0 0.245262 0.892209 0.0972937 0.104813
0 0.391184 0.569676 0.0902896 0.115929
0 0.923209 0.633253 0.11246 0.134654
0 0.257908 0.395705 0.0914203 0.108308
0 0.940968 0.212719 0.0847628 0.100788
0 0.398376 0.410582 0.0873917 0.112402
0 0.591513 0.728343 0.0597086 0.0730339
0 0.912664 0.481892 0.103141 0.129934
0 0.933926 0.358011 0.071304 0.0838198
0 0.245967 0.561102 0.0967141 0.126764
0 0.272044 0.221567 0.0852608 0.113393
0 0.245145 0.727632 0.0870789 0.108428
0 0.0236177 0.846396 0.0472354 0.106195
0 0.115907 0.698728 0.0653738 0.0757062
0 0.0200976 0.704839 0.0401691 0.147955
0 0.470195 0.964496 0.0738554 0.0702216
0 0.930257 0.511038 0.106674 0.101961
0 0.707571 0.613366 0.0675903 0.0861851
0 0.976216 0.912689 0.0475578 0.0965859
0 0.816417 0.353027 0.0437256 0.0531717
1 0.0346735 0.0389808 0.0660538 0.0768398
0 0.500731 0.583544 0.0483723 0.0593956
0 0.576277 0.976114 0.0689601 0.0475964
0 0.943623 0.518555 0.0847382 0.0895844
0 0.971791 0.775151 0.0564186 0.0934392
1 0.167373 0.0524935 0.0519181 0.0670459
0 0.721313 0.346838 0.0442529 0.067112
1 0.534104 0.0646303 0.0411852 0.0547795
