0 0.274871 0.812081 0.101348 0.135585
0 0.593346 0.420892 0.105591 0.137419
0 0.694536 0.173171 0.0865837 0.107486
0 0.280266 0.676348 0.0957291 0.13118
0 0.675094 0.84401 0.097123 0.130863
0 0.26336 0.942174 0.079433 0.103954
0 0.371629 0.819585 0.09908 0.131411
0 0.698922 0.0460179 0.0792973 0.0920357
0 0.170477 0.804146 0.104226 0.130255
0 0.577136 0.82825 0.0883944 0.115706
0 0.691723 0.296311 0.080943 0.104198
0 0.290445 0.409086 0.0748616 0.0995535
0 0.676796 0.700815 0.0853232 0.109852
0 0.569085 0.955373 0.0848492 0.0892543
0 0.397756 0.281911 0.0757426 0.098608
0 0.684414 0.557602 0.0879769 0.108144
0 0.954093 0.251416 0.0912756 0.132542
0 0.599767 0.157356 0.0810795 0.105944
0 0.507899 0.0421207 0.0916838 0.0840412
0 0.497295 0.278456 0.0998053 0.128109
0 0.50726 0.158561 0.0807068 0.103674
0 0.298558 0.274832 0.101584 0.133528
0 0.687612 0.435299 0.0759548 0.0931501
0 0.204929 0.130381 0.0818343 0.111538
0 0.303852 0.134886 0.0955293 0.125224
0 0.672381 0.956761 0.10501 0.0864786
0 0.584361 0.699847 0.0970724 0.116848
0 0.287505 0.534819 0.0832954 0.104718
0 0.390936 0.41608 0.0968816 0.130756
0 0.597128 0.290038 0.083226 0.113194
0 0.487508 0.417519 0.0797787 0.107152
0 0.47882 0.685637 0.0844271 0.112266
0 0.48454 0.556733 0.0808823 0.103376
0 0.582411 0.558874 0.0860028 0.104932
0 0.385592 0.548076 0.0849338 0.107478
0 0.465739 0.954436 0.0869722 0.0902252
0 0.367811 0.94501 0.0914199 0.107574
0 0.0536104 0.937213 0.0989019 0.124139
0 0.474467 0.823779 0.0821291 0.0975784
0 0.610496 0.0420858 0.0950767 0.0839574
0 0.206927 0.391555 0.0699386 0.0928312
1 0.0841141 0.301589 0.166989 0.202134
0 0.375436 0.683107 0.102868 0.139304
0 0.190558 0.268455 0.0827596 0.114924
0 0.204917 0.0289582 0.0903552 0.0578994
0 0.404415 0.0367501 0.0860955 0.0729952
0 0.160728 0.93699 0.0724264 0.0909424
0 0.399049 0.156727 0.0649149 0.0816307
0 0.301526 0.0247496 0.0971005 0.0493606
1 0.166915 0.616678 0.201896 0.225798
1 0.0312013 0.414319 0.0623187 0.116023
1 0.071729 0.509008 0.10153 0.0876776
0 0.987838 0.761687 0.0243249 0.133701
0 0.194098 0.518831 0.0708194 0.0704928
0 0.990658 0.853694 0.0186849 0.129909
0 0.274871 0.812081 0.101348 0.135585
0 0.593346 0.420892 0.105591 0.137419
0 0.694536 0.173171 0.0865837 0.107486
0 0.280266 0.676348 0.0957291 0.13118
0 0.675094 0.84401 0.097123 0.130863
0 0.26336 0.942174 0.079433 0.103954
0 0.371629 0.819585 0.09908 0.131411
0 0.698922 0.0460179 0.0792973 0.0920357
0 0.170477 0.804146 0.104226 0.130255
0 0.577136 0.82825 0.0883944 0.115706
0 0.691723 0.296311 0.080943 0.104198
0 0.290445 0.409086 0.0748616 0.0995535
0 0.676796 0.700815 0.0853232 0.109852
0 0.569085 0.955373 0.0848492 0.0892543
0 0.397756 0.281911 0.0757426 0.098608
0 0.684414 0.557602 0.0879769 0.108144
0 0.954093 0.251416 0.0912756 0.132542
0 0.599767 0.157356 0.0810795 0.105944
0 0.507899 0.0421207 0.0916838 0.0840412
0 0.497295 0.278456 0.0998053 0.128109
0 0.50726 0.158561 0.0807068 0.103674
0 0.298558 0.274832 0.101584 0.133528
0 0.687612 0.435299 0.0759548 0.0931501
0 0.204929 0.130381 0.0818343 0.111538
0 0.303852 0.134886 0.0955293 0.125224
0 0.672381 0.956761 0.10501 0.0864786
0 0.584361 0.699847 0.0970724 0.116848
0 0.287505 0.534819 0.0832954 0.104718
0 0.390936 0.41608 0.0968816 0.130756
0 0.597128 0.290038 0.083226 0.113194
0 0.487508 0.417519 0.0797787 0.107152
0 0.47882 0.685637 0.0844271 0.112266
0 0.48454 0.556733 0.0808823 0.103376
0 0.582411 0.558874 0.0860028 0.104932
0 0.385592 0.548076 0.0849338 0.107478
0 0.465739 0.954436 0.0869722 0.0902252
0 0.367811 0.94501 0.0914199 0.107574
0 0.0536104 0.937213 0.0989019 0.124139
0 0.474467 0.823779 0.0821291 0.0975784
0 0.610496 0.0420858 0.0950767 0.0839574
0 0.206927 0.391555 0.0699386 0.0928312
1 0.0841141 0.301589 0.166989 0.202134
0 0.375436 0.683107 0.102868 0.139304
0 0.190558 0.268455 0.0827596 0.114924
0 0.204917 0.0289582 0.0903552 0.0578994
0 0.404415 0.0367501 0.0860955 0.0729952
0 0.160728 0.93699 0.0724264 0.0909424
0 0.399049 0.156727 0.0649149 0.0816307
0 0.301526 0.0247496 0.0971005 0.0493606
1 0.166915 0.616678 0.201896 0.225798
1 0.0312013 0.414319 0.0623187 0.116023
1 0.071729 0.509008 0.10153 0.0876776
0 0.987838 0.761687 0.0243249 0.133701
0 0.194098 0.518831 0.0708194 0.0704928
0 0.990658 0.853694 0.0186849 0.129909
