0 0.72649 0.0734235 0.0793746 0.10847
0 0.2548 0.963468 0.0764073 0.0727257
0 0.273493 0.50729 0.0752151 0.0913731
0 0.541721 0.301461 0.0787543 0.101569
0 0.55459 0.0598218 0.0650499 0.101899
0 0.892371 0.337576 0.0800819 0.10619
0 0.546651 0.185843 0.0754655 0.0958892
0 0.640541 0.0631611 0.0744269 0.103156
0 0.289627 0.157044 0.0757802 0.0911926
0 0.162951 0.961833 0.0788316 0.0763335
0 0.116607 0.2601 0.0682276 0.0817121
0 0.0869711 0.844648 0.0740794 0.0824284
0 0.129645 0.158514 0.0691089 0.0849923
0 0.0359239 0.139913 0.0718479 0.101888
0 0.278171 0.385676 0.0748721 0.0889348
0 0.123464 0.0411573 0.0762693 0.0823147
0 0.878932 0.560903 0.0823267 0.0997886
0 0.450992 0.524946 0.0675459 0.0826961
0 0.80357 0.325973 0.0751854 0.0934022
0 0.970177 0.459891 0.0596452 0.0977675
0 0.0324783 0.364036 0.0649566 0.0834446
0 0.287146 0.271527 0.0673778 0.0833119
0 0.715411 0.321615 0.0546402 0.0736896
0 0.977077 0.112346 0.0452001 0.0698756
0 0.0285577 0.4829 0.0571153 0.0899205
0 0.259797 0.854009 0.0719664 0.0898148
0 0.169691 0.85439 0.0708934 0.0838252
0 0.181985 0.618548 0.0670216 0.0850873
0 0.446203 0.642492 0.0612262 0.0722908
0 0.185943 0.730979 0.0685214 0.0856837
0 0.0338429 0.256393 0.065349 0.0782079
0 0.208498 0.158718 0.0552515 0.0717536
0 0.191983 0.495892 0.0603843 0.0778945
0 0.453553 0.410526 0.0627441 0.0770637
0 0.198417 0.379005 0.0598786 0.0721722
0 0.886357 0.45243 0.0714726 0.0843643
0 0.609461 0.891118 0.0636724 0.0734589
0 0.204638 0.268231 0.0659389 0.0830427
0 0.972832 0.346143 0.0537548 0.0805831
0 0.972624 0.221598 0.0547032 0.106381
0 0.0272075 0.59284 0.054388 0.0759333
0 0.100827 0.611698 0.0680428 0.0828272
0 0.816507 0.0845349 0.0720981 0.101607
0 0.633462 0.319406 0.0559094 0.0775767
0 0.0230344 0.824928 0.0457428 0.0768818
0 0.434669 0.975824 0.0672987 0.0483517
0 0.271954 0.743296 0.0616661 0.0774375
0 0.464577 0.0618071 0.0662287 0.0883995
0 0.701137 0.901409 0.071403 0.0791078
0 0.212546 0.0450367 0.0613874 0.076842
0 0.956228 0.925029 0.0671039 0.0771591
0 0.350682 0.861208 0.0646369 0.0789473
0 0.875781 0.683035 0.0747143 0.0937051
0 0.0370596 0.0343123 0.0741191 0.0684055
0 0.961378 0.808137 0.0755213 0.0964829
0 0.299328 0.0466431 0.0613267 0.0791728
0 0.270176 0.620221 0.066125 0.0812984
0 0.965982 0.570719 0.05 0.0602637
0 0.889825 0.224733 0.0469685 0.0610937
0 0.371495 0.518319 0.0558414 0.0746557
0 0.6282 0.428187 0.0610893 0.0687386
0 0.114905 0.370309 0.050958 0.060528
0 0.0914406 0.952307 0.0543106 0.065449
0 0.0237416 0.712004 0.0463965 0.0588728
0 0.620165 0.657391 0.0630522 0.074114
0 0.444044 0.750205 0.0580104 0.0685946
0 0.016442 0.94812 0.0328412 0.0931781
0 0.362924 0.747227 0.0569932 0.0702489
0 0.115746 0.493406 0.0367822 0.0473696
0 0.694125 0.987687 0.0792916 0.0246258
0 0.798065 0.440044 0.0496278 0.0630317
1 0.714385 0.205178 0.0395442 0.042989
0 0.865336 0.991907 0.0726894 0.0161852
0 0.72649 0.0734235 0.0793746 0.10847
0 0.2548 0.963468 0.0764073 0.0727257
0 0.273493 0.50729 0.0752151 0.0913731
0 0.541721 0.301461 0.0787543 0.101569
0 0.55459 0.0598218 0.0650499 0.101899
0 0.892371 0.337576 0.0800819 0.10619
0 0.546651 0.185843 0.0754655 0.0958892
0 0.640541 0.0631611 0.0744269 0.103156
0 0.289627 0.157044 0.0757802 0.0911926
0 0.162951 0.961833 0.0788316 0.0763335
0 0.116607 0.2601 0.0682276 0.0817121
0 0.0869711 0.844648 0.0740794 0.0824284
0 0.129645 0.158514 0.0691089 0.0849923
0 0.0359239 0.139913 0.0718479 0.101888
0 0.278171 0.385676 0.0748721 0.0889348
0 0.123464 0.0411573 0.0762693 0.0823147
0 0.878932 0.560903 0.0823267 0.0997886
0 0.450992 0.524946 0.0675459 0.0826961
0 0.80357 0.325973 0.0751854 0.0934022
0 0.970177 0.459891 0.0596452 0.0977675
0 0.0324783 0.364036 0.0649566 0.0834446
0 0.287146 0.271527 0.0673778 0.0833119
0 0.715411 0.321615 0.0546402 0.0736896
0 0.977077 0.112346 0.0452001 0.0698756
0 0.0285577 0.4829 0.0571153 0.0899205
0 0.259797 0.854009 0.0719664 0.0898148
0 0.169691 0.85439 0.0708934 0.0838252
0 0.181985 0.618548 0.0670216 0.0850873
0 0.446203 0.642492 0.0612262 0.0722908
0 0.185943 0.730979 0.0685214 0.0856837
0 0.0338429 0.256393 0.065349 0.0782079
0 0.208498 0.158718 0.0552515 0.0717536
0 0.191983 0.495892 0.0603843 0.0778945
0 0.453553 0.410526 0.0627441 0.0770637
0 0.198417 0.379005 0.0598786 0.0721722
0 0.886357 0.45243 0.0714726 0.0843643
0 0.609461 0.891118 0.0636724 0.0734589
0 0.204638 0.268231 0.0659389 0.0830427
0 0.972832 0.346143 0.0537548 0.0805831
0 0.972624 0.221598 0.0547032 0.106381
0 0.0272075 0.59284 0.054388 0.0759333
0 0.100827 0.611698 0.0680428 0.0828272
0 0.816507 0.0845349 0.0720981 0.101607
0 0.633462 0.319406 0.0559094 0.0775767
0 0.0230344 0.824928 0.0457428 0.0768818
0 0.434669 0.975824 0.0672987 0.0483517
0 0.271954 0.743296 0.0616661 0.0774375
0 0.464577 0.0618071 0.0662287 0.0883995
0 0.701137 0.901409 0.071403 0.0791078
0 0.212546 0.0450367 0.0613874 0.076842
0 0.956228 0.925029 0.0671039 0.0771591
0 0.350682 0.861208 0.0646369 0.0789473
0 0.875781 0.683035 0.0747143 0.0937051
0 0.0370596 0.0343123 0.0741191 0.0684055
0 0.961378 0.808137 0.0755213 0.0964829
0 0.299328 0.0466431 0.0613267 0.0791728
0 0.270176 0.620221 0.066125 0.0812984
0 0.965982 0.570719 0.05 0.0602637
0 0.889825 0.224733 0.0469685 0.0610937
0 0.371495 0.518319 0.0558414 0.0746557
0 0.6282 0.428187 0.0610893 0.0687386
0 0.114905 0.370309 0.050958 0.060528
0 0.0914406 0.952307 0.0543106 0.065449
0 0.0237416 0.712004 0.0463965 0.0588728
0 0.620165 0.657391 0.0630522 0.074114
0 0.444044 0.750205 0.0580104 0.0685946
0 0.016442 0.94812 0.0328412 0.0931781
0 0.362924 0.747227 0.0569932 0.0702489
0 0.115746 0.493406 0.0367822 0.0473696
0 0.694125 0.987687 0.0792916 0.0246258
0 0.798065 0.440044 0.0496278 0.0630317
1 0.714385 0.205178 0.0395442 0.042989
0 0.865336 0.991907 0.0726894 0.0161852
