0 0.280804 0.905682 0.102422 0.142124
0 0.414625 0.747056 0.106244 0.142478
0 0.661857 0.934303 0.101773 0.130136
0 0.289848 0.725429 0.0967116 0.128004
0 0.799111 0.781159 0.108121 0.141543
0 0.40979 0.922135 0.106749 0.149718
0 0.924834 0.795588 0.113418 0.142528
0 0.426248 0.580155 0.0958544 0.121535
0 0.15129 0.898947 0.117338 0.143064
0 0.670414 0.778559 0.0967958 0.132729
0 0.684159 0.604567 0.0958425 0.124206
0 0.538858 0.931187 0.0952084 0.132791
0 0.788153 0.944877 0.105594 0.110247
1 0.350051 0.301953 0.10735 0.134694
0 0.941638 0.625525 0.11159 0.135692
0 0.182902 0.557467 0.104815 0.131409
0 0.180217 0.718116 0.0981242 0.118847
0 0.815446 0.619122 0.108699 0.126065
0 0.921973 0.946632 0.124672 0.106711
0 0.557403 0.589066 0.0942707 0.123368
0 0.550363 0.759408 0.0949686 0.126813
1 0.734695 0.340183 0.0955757 0.123803
1 0.9271 0.363079 0.108671 0.144724
0 0.308535 0.545608 0.097046 0.145907
1 0.546243 0.325892 0.0922632 0.123185
1 0.184528 0.296294 0.0656003 0.0737383
0 0.303764 0.56246 0.0872022 0.105412
0 0.280804 0.905682 0.102422 0.142124
0 0.414625 0.747056 0.106244 0.142478
0 0.661857 0.934303 0.101773 0.130136
0 0.289848 0.725429 0.0967116 0.128004
0 0.799111 0.781159 0.108121 0.141543
0 0.40979 0.922135 0.106749 0.149718
0 0.924834 0.795588 0.113418 0.142528
0 0.426248 0.580155 0.0958544 0.121535
0 0.15129 0.898947 0.117338 0.143064
0 0.670414 0.778559 0.0967958 0.132729
0 0.684159 0.604567 0.0958425 0.124206
0 0.538858 0.931187 0.0952084 0.132791
0 0.788153 0.944877 0.105594 0.110247
1 0.350051 0.301953 0.10735 0.134694
0 0.941638 0.625525 0.11159 0.135692
0 0.182902 0.557467 0.104815 0.131409
0 0.180217 0.718116 0.0981242 0.118847
0 0.815446 0.619122 0.108699 0.126065
0 0.921973 0.946632 0.124672 0.106711
0 0.557403 0.589066 0.0942707 0.123368
0 0.550363 0.759408 0.0949686 0.126813
1 0.734695 0.340183 0.0955757 0.123803
1 0.9271 0.363079 0.108671 0.144724
0 0.308535 0.545608 0.097046 0.145907
1 0.546243 0.325892 0.0922632 0.123185
1 0.184528 0.296294 0.0656003 0.0737383
0 0.303764 0.56246 0.0872022 0.105412
