0 0.109141 0.771698 0.0986545 0.184332
0 0.203675 0.806892 0.0775869 0.143479
0 0.292623 0.520459 0.0500432 0.0906267
0 0.0797961 0.948912 0.103174 0.100451
1 0.225801 0.0796224 0.0377653 0.0622318
1 0.0867075 0.41829 0.0476538 0.0846284
0 0.163061 0.955461 0.103 0.089078
0 0.16862 0.477037 0.0463386 0.0750574
0 0.302404 0.437064 0.0498468 0.0783284
0 0.176131 0.390106 0.0412654 0.0769766
1 0.316915 0.0933071 0.0325915 0.0587415
0 0.0234774 0.72252 0.0469547 0.142925
1 0.243372 0.626416 0.0179716 0.0294996
1 0.1469 0.575992 0.0249908 0.0391642
1 0.183606 0.080187 0.0365344 0.0724574
1 0.267192 0.250246 0.0265783 0.0478171
1 0.0189781 0.523483 0.0326802 0.0491855
1 0.235591 0.676536 0.020386 0.0367607
1 0.145959 0.578033 0.0294406 0.0504417
1 0.147616 0.262249 0.0422643 0.070702
1 0.0188319 0.583753 0.0221885 0.0397924
1 0.167257 0.18836 0.0203735 0.0436009
0 0.0125109 0.913257 0.0247611 0.16556
0 0.109141 0.771698 0.0986545 0.184332
0 0.203675 0.806892 0.0775869 0.143479
0 0.292623 0.520459 0.0500432 0.0906267
0 0.0797961 0.948912 0.103174 0.100451
1 0.225801 0.0796224 0.0377653 0.0622318
1 0.0867075 0.41829 0.0476538 0.0846284
0 0.163061 0.955461 0.103 0.089078
0 0.16862 0.477037 0.0463386 0.0750574
0 0.302404 0.437064 0.0498468 0.0783284
0 0.176131 0.390106 0.0412654 0.0769766
1 0.316915 0.0933071 0.0325915 0.0587415
0 0.0234774 0.72252 0.0469547 0.142925
1 0.243372 0.626416 0.0179716 0.0294996
1 0.1469 0.575992 0.0249908 0.0391642
1 0.183606 0.080187 0.0365344 0.0724574
1 0.267192 0.250246 0.0265783 0.0478171
1 0.0189781 0.523483 0.0326802 0.0491855
1 0.235591 0.676536 0.020386 0.0367607
1 0.145959 0.578033 0.0294406 0.0504417
1 0.147616 0.262249 0.0422643 0.070702
1 0.0188319 0.583753 0.0221885 0.0397924
1 0.167257 0.18836 0.0203735 0.0436009
0 0.0125109 0.913257 0.0247611 0.16556
