0 0.464463 0.547272 0.0792216 0.138964
0 0.374477 0.427799 0.0937413 0.159371
0 0.400121 0.725104 0.0847789 0.169526
0 0.415584 0.266436 0.0743656 0.141389
0 0.507423 0.414643 0.0970722 0.175877
0 0.305092 0.596194 0.0819526 0.143787
1 0.196274 0.377013 0.051759 0.081076
0 0.208205 0.18806 0.0480528 0.0782435
0 0.32668 0.914484 0.0823951 0.154338
0 0.244756 0.234904 0.0508145 0.0873363
0 0.174217 0.934939 0.0759665 0.123568
0 0.239001 0.777089 0.0673979 0.113341
0 0.315645 0.039945 0.0699885 0.0798899
1 0.138881 0.828237 0.0333808 0.0595696
1 0.183275 0.749619 0.0451327 0.0729622
1 0.137547 0.533682 0.0329447 0.0595501
1 0.0522921 0.683272 0.0503083 0.0748689
1 0.183089 0.761528 0.0361583 0.0575069
0 0.84291 0.389149 0.0349991 0.0522868
1 0.018867 0.0379697 0.0375321 0.0759395
1 0.150136 0.300624 0.0311709 0.0453187
1 0.116547 0.890754 0.0258673 0.0425074
1 0.166425 0.704401 0.0390793 0.0586251
1 0.168624 0.69723 0.0353638 0.0474317
1 0.3557 0.186517 0.0257133 0.0506397
1 0.223577 0.542146 0.0289111 0.0473609
1 0.298194 0.34493 0.0227164 0.0357384
1 0.189869 0.734353 0.0363497 0.0579374
0 0.464463 0.547272 0.0792216 0.138964
0 0.374477 0.427799 0.0937413 0.159371
0 0.400121 0.725104 0.0847789 0.169526
0 0.415584 0.266436 0.0743656 0.141389
0 0.507423 0.414643 0.0970722 0.175877
0 0.305092 0.596194 0.0819526 0.143787
1 0.196274 0.377013 0.051759 0.081076
0 0.208205 0.18806 0.0480528 0.0782435
0 0.32668 0.914484 0.0823951 0.154338
0 0.244756 0.234904 0.0508145 0.0873363
0 0.174217 0.934939 0.0759665 0.123568
0 0.239001 0.777089 0.0673979 0.113341
0 0.315645 0.039945 0.0699885 0.0798899
1 0.138881 0.828237 0.0333808 0.0595696
1 0.183275 0.749619 0.0451327 0.0729622
1 0.137547 0.533682 0.0329447 0.0595501
1 0.0522921 0.683272 0.0503083 0.0748689
1 0.183089 0.761528 0.0361583 0.0575069
0 0.84291 0.389149 0.0349991 0.0522868
1 0.018867 0.0379697 0.0375321 0.0759395
1 0.150136 0.300624 0.0311709 0.0453187
1 0.116547 0.890754 0.0258673 0.0425074
1 0.166425 0.704401 0.0390793 0.0586251
1 0.168624 0.69723 0.0353638 0.0474317
1 0.3557 0.186517 0.0257133 0.0506397
1 0.223577 0.542146 0.0289111 0.0473609
1 0.298194 0.34493 0.0227164 0.0357384
1 0.189869 0.734353 0.0363497 0.0579374
