0 0.0488403 0.321113 0.0970709 0.173774
0 0.162782 0.689357 0.0983905 0.171204
0 0.837691 0.718204 0.117759 0.188645
0 0.891238 0.121968 0.118014 0.212263
0 0.443353 0.721196 0.122867 0.227881
0 0.477734 0.110293 0.0942141 0.170521
0 0.0465152 0.65079 0.0883364 0.150743
0 0.179662 0.376555 0.117077 0.210825
0 0.200798 0.0638446 0.133923 0.127689
1 0.935407 0.227681 0.0580525 0.099888
0 0.892105 0.438133 0.0658489 0.11664
0 0.977692 0.853499 0.0446168 0.227063
1 0.91726 0.559903 0.0262226 0.0607371
1 0.908297 0.725402 0.0371413 0.0744931
1 0.94714 0.0425034 0.052697 0.0846621
0 0.153461 0.9631 0.100353 0.0738004
1 0.876271 0.630634 0.0433979 0.0724036
0 0.0321159 0.957916 0.0591112 0.0826419
1 0.89305 0.438101 0.064759 0.116841
0 0.0488403 0.321113 0.0970709 0.173774
0 0.162782 0.689357 0.0983905 0.171204
0 0.837691 0.718204 0.117759 0.188645
0 0.891238 0.121968 0.118014 0.212263
0 0.443353 0.721196 0.122867 0.227881
0 0.477734 0.110293 0.0942141 0.170521
0 0.0465152 0.65079 0.0883364 0.150743
0 0.179662 0.376555 0.117077 0.210825
0 0.200798 0.0638446 0.133923 0.127689
1 0.935407 0.227681 0.0580525 0.099888
0 0.892105 0.438133 0.0658489 0.11664
0 0.977692 0.853499 0.0446168 0.227063
1 0.91726 0.559903 0.0262226 0.0607371
1 0.908297 0.725402 0.0371413 0.0744931
1 0.94714 0.0425034 0.052697 0.0846621
0 0.153461 0.9631 0.100353 0.0738004
1 0.876271 0.630634 0.0433979 0.0724036
0 0.0321159 0.957916 0.0591112 0.0826419
1 0.89305 0.438101 0.064759 0.116841
