0 0.385931 0.457435 0.0713243 0.140049
0 0.511507 0.852113 0.0863303 0.156384
0 0.496316 0.429228 0.0713625 0.138082
0 0.390101 0.685628 0.0598238 0.114003
0 0.506752 0.640199 0.0802576 0.158857
1 0.302353 0.193833 0.0487538 0.0934986
1 0.326085 0.855445 0.051192 0.111265
1 0.232149 0.444737 0.0321634 0.0522052
0 0.484418 0.0633527 0.0787402 0.126705
0 0.392622 0.859742 0.0699527 0.119657
1 0.316499 0.524785 0.0529569 0.0952857
0 0.15904 0.081062 0.0553976 0.0946001
1 0.201797 0.20702 0.0323276 0.0491203
1 0.248116 0.736743 0.0335167 0.0565417
0 0.370212 0.071441 0.0581855 0.128402
1 0.237856 0.823431 0.0340488 0.0497463
0 0.210293 0.0751623 0.0556969 0.0926095
1 0.248154 0.656014 0.035445 0.0550796
1 0.207454 0.869249 0.0368097 0.0515247
1 0.210137 0.0752112 0.0558392 0.0963616
1 0.319327 0.679704 0.0358385 0.060757
1 0.199154 0.899484 0.0323602 0.047825
1 0.244599 0.543083 0.0231044 0.0392208
1 0.120707 0.22506 0.0472648 0.0606917
1 0.147231 0.933746 0.0296842 0.0569828
1 0.204754 0.539634 0.0258529 0.0508409
0 0.385931 0.457435 0.0713243 0.140049
0 0.511507 0.852113 0.0863303 0.156384
0 0.496316 0.429228 0.0713625 0.138082
0 0.390101 0.685628 0.0598238 0.114003
0 0.506752 0.640199 0.0802576 0.158857
1 0.302353 0.193833 0.0487538 0.0934986
1 0.326085 0.855445 0.051192 0.111265
1 0.232149 0.444737 0.0321634 0.0522052
0 0.484418 0.0633527 0.0787402 0.126705
0 0.392622 0.859742 0.0699527 0.119657
1 0.316499 0.524785 0.0529569 0.0952857
0 0.15904 0.081062 0.0553976 0.0946001
1 0.201797 0.20702 0.0323276 0.0491203
1 0.248116 0.736743 0.0335167 0.0565417
0 0.370212 0.071441 0.0581855 0.128402
1 0.237856 0.823431 0.0340488 0.0497463
0 0.210293 0.0751623 0.0556969 0.0926095
1 0.248154 0.656014 0.035445 0.0550796
1 0.207454 0.869249 0.0368097 0.0515247
1 0.210137 0.0752112 0.0558392 0.0963616
1 0.319327 0.679704 0.0358385 0.060757
1 0.199154 0.899484 0.0323602 0.047825
1 0.244599 0.543083 0.0231044 0.0392208
1 0.120707 0.22506 0.0472648 0.0606917
1 0.147231 0.933746 0.0296842 0.0569828
1 0.204754 0.539634 0.0258529 0.0508409
