0 0.279139 0.460363 0.0507324 0.101114
0 0.483147 0.42027 0.109653 0.197497
0 0.319404 0.25531 0.0500159 0.10466
0 0.469927 0.190735 0.110298 0.20058
0 0.590438 0.406514 0.0832971 0.156276
0 0.270649 0.257161 0.0512947 0.107493
0 0.326169 0.450312 0.0503963 0.0974683
0 0.578818 0.18308 0.0856981 0.170562
0 0.308283 0.040366 0.0490817 0.080732
0 0.260382 0.0405515 0.052751 0.081103
0 0.071646 0.388398 0.0546087 0.087851
0 0.0704226 0.304257 0.0460261 0.0716951
0 0.0247641 0.360451 0.0494336 0.0831981
0 0.566631 0.0304953 0.0772638 0.0609906
1 0.420053 0.333862 0.024304 0.0453912
0 0.0167042 0.360851 0.0334084 0.085744
0 0.279139 0.460363 0.0507324 0.101114
0 0.483147 0.42027 0.109653 0.197497
0 0.319404 0.25531 0.0500159 0.10466
0 0.469927 0.190735 0.110298 0.20058
0 0.590438 0.406514 0.0832971 0.156276
0 0.270649 0.257161 0.0512947 0.107493
0 0.326169 0.450312 0.0503963 0.0974683
0 0.578818 0.18308 0.0856981 0.170562
0 0.308283 0.040366 0.0490817 0.080732
0 0.260382 0.0405515 0.052751 0.081103
0 0.071646 0.388398 0.0546087 0.087851
0 0.0704226 0.304257 0.0460261 0.0716951
0 0.0247641 0.360451 0.0494336 0.0831981
0 0.566631 0.0304953 0.0772638 0.0609906
1 0.420053 0.333862 0.024304 0.0453912
0 0.0167042 0.360851 0.0334084 0.085744
