0 0.449914 0.896832 0.0961598 0.190907
0 0.465315 0.564048 0.095504 0.175056
0 0.19815 0.176214 0.110485 0.201621
0 0.0554272 0.248378 0.0991303 0.167369
0 0.88505 0.628323 0.105321 0.19051
0 0.188748 0.517258 0.099841 0.182507
0 0.892081 0.308236 0.0886421 0.159485
0 0.473406 0.231287 0.0889975 0.17082
0 0.163022 0.84215 0.120262 0.212714
1 0.959533 0.317189 0.0494505 0.0987929
1 0.945865 0.675299 0.0609228 0.125346
1 0.940961 0.42459 0.0610867 0.133044
0 0.891801 0.943865 0.0904015 0.109205
1 0.889898 0.450585 0.0322239 0.0678393
1 0.93513 0.562128 0.0395708 0.0768033
1 0.931372 0.821428 0.0734062 0.133594
0 0.912222 0.0379209 0.126817 0.0758419
1 0.901531 0.143709 0.0273258 0.0518307
1 0.948195 0.0580546 0.0697014 0.112546
0 0.449914 0.896832 0.0961598 0.190907
0 0.465315 0.564048 0.095504 0.175056
0 0.19815 0.176214 0.110485 0.201621
0 0.0554272 0.248378 0.0991303 0.167369
0 0.88505 0.628323 0.105321 0.19051
0 0.188748 0.517258 0.099841 0.182507
0 0.892081 0.308236 0.0886421 0.159485
0 0.473406 0.231287 0.0889975 0.17082
0 0.163022 0.84215 0.120262 0.212714
1 0.959533 0.317189 0.0494505 0.0987929
1 0.945865 0.675299 0.0609228 0.125346
1 0.940961 0.42459 0.0610867 0.133044
0 0.891801 0.943865 0.0904015 0.109205
1 0.889898 0.450585 0.0322239 0.0678393
1 0.93513 0.562128 0.0395708 0.0768033
1 0.931372 0.821428 0.0734062 0.133594
0 0.912222 0.0379209 0.126817 0.0758419
1 0.901531 0.143709 0.0273258 0.0518307
1 0.948195 0.0580546 0.0697014 0.112546
