1 0.110703 0.464471 0.0463853 0.078255
0 0.657459 0.74626 0.0818375 0.152088
1 0.28596 0.3345 0.0352717 0.0720904
0 0.593441 0.686392 0.0970272 0.170241
1 0.258661 0.404769 0.0364861 0.0605813
0 0.14014 0.248923 0.0577694 0.0903783
0 0.0862237 0.112677 0.0580818 0.0978297
0 0.602618 0.827509 0.095978 0.160759
0 0.517726 0.0872174 0.0784985 0.138542
0 0.174311 0.181229 0.063133 0.0835099
1 0.271661 0.365945 0.0240854 0.0443047
0 0.0355202 0.124944 0.0630758 0.100499
0 0.648576 0.907121 0.136499 0.181736
0 0.176764 0.0518696 0.0738829 0.100145
0 0.063375 0.279269 0.0606548 0.0843833
0 0.0393382 0.215338 0.0525581 0.0861066
0 0.0410147 0.0357967 0.0723756 0.0706572
0 0.668985 0.90648 0.0930699 0.175579
1 0.275342 0.359209 0.0253225 0.0534706
0 0.14315 0.118244 0.0621442 0.0822958
0 0.0958094 0.214318 0.048519 0.0784529
0 0.119084 0.298984 0.035408 0.0565855
1 0.280071 0.360463 0.0341574 0.0521832
0 0.585276 0.0977587 0.064801 0.120411
0 0.61639 0.947431 0.0882475 0.104024
0 0.119353 0.0418137 0.0589831 0.0786613
1 0.233134 0.228023 0.0319574 0.0886854
1 0.206766 0.235439 0.0335189 0.0684374
0 0.123954 0.320142 0.0382877 0.0659802
1 0.0698218 0.434536 0.0293552 0.0660827
0 0.168294 0.172964 0.0590052 0.0844673
0 0.162539 0.126022 0.0592523 0.075
0 0.152352 0.131522 0.0741194 0.10704
1 0.110703 0.464471 0.0463853 0.078255
0 0.657459 0.74626 0.0818375 0.152088
1 0.28596 0.3345 0.0352717 0.0720904
0 0.593441 0.686392 0.0970272 0.170241
1 0.258661 0.404769 0.0364861 0.0605813
0 0.14014 0.248923 0.0577694 0.0903783
0 0.0862237 0.112677 0.0580818 0.0978297
0 0.602618 0.827509 0.095978 0.160759
0 0.517726 0.0872174 0.0784985 0.138542
0 0.174311 0.181229 0.063133 0.0835099
1 0.271661 0.365945 0.0240854 0.0443047
0 0.0355202 0.124944 0.0630758 0.100499
0 0.648576 0.907121 0.136499 0.181736
0 0.176764 0.0518696 0.0738829 0.100145
0 0.063375 0.279269 0.0606548 0.0843833
0 0.0393382 0.215338 0.0525581 0.0861066
0 0.0410147 0.0357967 0.0723756 0.0706572
0 0.668985 0.90648 0.0930699 0.175579
1 0.275342 0.359209 0.0253225 0.0534706
0 0.14315 0.118244 0.0621442 0.0822958
0 0.0958094 0.214318 0.048519 0.0784529
0 0.119084 0.298984 0.035408 0.0565855
1 0.280071 0.360463 0.0341574 0.0521832
0 0.585276 0.0977587 0.064801 0.120411
0 0.61639 0.947431 0.0882475 0.104024
0 0.119353 0.0418137 0.0589831 0.0786613
1 0.233134 0.228023 0.0319574 0.0886854
1 0.206766 0.235439 0.0335189 0.0684374
0 0.123954 0.320142 0.0382877 0.0659802
1 0.0698218 0.434536 0.0293552 0.0660827
0 0.168294 0.172964 0.0590052 0.0844673
0 0.162539 0.126022 0.0592523 0.075
0 0.152352 0.131522 0.0741194 0.10704
