0 0.52541 0.200951 0.0905918 0.176223
0 0.412657 0.773714 0.0481854 0.0946032
0 0.366127 0.793855 0.0457243 0.0833709
0 0.324598 0.75509 0.0347161 0.0723722
0 0.417517 0.939022 0.0455545 0.0891971
0 0.325043 0.950841 0.0587603 0.0937102
0 0.400224 0.855083 0.0464676 0.0726886
1 0.980908 0.43358 0.0371685 0.0727803
0 0.382738 0.936386 0.0429912 0.0836335
0 0.364137 0.879061 0.0366738 0.0676158
0 0.390978 0.862222 0.0442224 0.0790118
0 0.52541 0.200951 0.0905918 0.176223
0 0.412657 0.773714 0.0481854 0.0946032
0 0.366127 0.793855 0.0457243 0.0833709
0 0.324598 0.75509 0.0347161 0.0723722
0 0.417517 0.939022 0.0455545 0.0891971
0 0.325043 0.950841 0.0587603 0.0937102
0 0.400224 0.855083 0.0464676 0.0726886
1 0.980908 0.43358 0.0371685 0.0727803
0 0.382738 0.936386 0.0429912 0.0836335
0 0.364137 0.879061 0.0366738 0.0676158
0 0.390978 0.862222 0.0442224 0.0790118
