1 0.220175 0.0674638 0.0304319 0.0475709
0 0.457042 0.765986 0.0817935 0.156926
0 0.458664 0.610462 0.0758631 0.147051
0 0.816377 0.824474 0.128114 0.226095
0 0.310392 0.578331 0.0804166 0.144844
0 0.390975 0.598457 0.0741096 0.151987
0 0.238452 0.576249 0.0792486 0.130473
1 0.500173 0.121632 0.036657 0.0670148
0 0.303663 0.0339246 0.0563949 0.067374
0 0.377094 0.779492 0.0806192 0.13926
0 0.370073 0.0322481 0.0646719 0.0644963
0 0.350988 0.695681 0.0846085 0.1275
1 0.232216 0.097485 0.035392 0.060845
1 0.226785 0.0831599 0.0415204 0.0737161
1 0.209915 0.0287506 0.0407822 0.0575012
1 0.21536 0.0491351 0.0270795 0.0416943
0 0.541837 0.957036 0.100109 0.0859285
1 0.521691 0.0546951 0.0322105 0.0619479
0 0.309905 0.741905 0.0552906 0.106853
0 0.276329 0.677595 0.0693589 0.125985
1 0.220175 0.0674638 0.0304319 0.0475709
0 0.457042 0.765986 0.0817935 0.156926
0 0.458664 0.610462 0.0758631 0.147051
0 0.816377 0.824474 0.128114 0.226095
0 0.310392 0.578331 0.0804166 0.144844
0 0.390975 0.598457 0.0741096 0.151987
0 0.238452 0.576249 0.0792486 0.130473
1 0.500173 0.121632 0.036657 0.0670148
0 0.303663 0.0339246 0.0563949 0.067374
0 0.377094 0.779492 0.0806192 0.13926
0 0.370073 0.0322481 0.0646719 0.0644963
0 0.350988 0.695681 0.0846085 0.1275
1 0.232216 0.097485 0.035392 0.060845
1 0.226785 0.0831599 0.0415204 0.0737161
1 0.209915 0.0287506 0.0407822 0.0575012
1 0.21536 0.0491351 0.0270795 0.0416943
0 0.541837 0.957036 0.100109 0.0859285
1 0.521691 0.0546951 0.0322105 0.0619479
0 0.309905 0.741905 0.0552906 0.106853
0 0.276329 0.677595 0.0693589 0.125985
