0 0.512178 0.441385 0.120682 0.222913
0 0.218816 0.380832 0.108551 0.203631
0 0.511612 0.119197 0.123887 0.234309
0 0.0958852 0.275079 0.101593 0.186525
0 0.224227 0.0769076 0.100172 0.153815
0 0.902823 0.505117 0.0930759 0.165605
0 0.917332 0.194649 0.116946 0.204004
0 0.18937 0.930626 0.107069 0.137085
0 0.898048 0.776617 0.082946 0.147752
0 0.0832863 0.910112 0.121983 0.178158
0 0.0791179 0.608363 0.0923109 0.13225
0 0.474457 0.939888 0.121764 0.119279
1 0.970532 0.509833 0.0529997 0.105292
1 0.942707 0.873497 0.0613174 0.110379
1 0.957784 0.755027 0.0598767 0.0975602
1 0.971858 0.100347 0.039053 0.0801196
0 0.512178 0.441385 0.120682 0.222913
0 0.218816 0.380832 0.108551 0.203631
0 0.511612 0.119197 0.123887 0.234309
0 0.0958852 0.275079 0.101593 0.186525
0 0.224227 0.0769076 0.100172 0.153815
0 0.902823 0.505117 0.0930759 0.165605
0 0.917332 0.194649 0.116946 0.204004
0 0.18937 0.930626 0.107069 0.137085
0 0.898048 0.776617 0.082946 0.147752
0 0.0832863 0.910112 0.121983 0.178158
0 0.0791179 0.608363 0.0923109 0.13225
0 0.474457 0.939888 0.121764 0.119279
1 0.970532 0.509833 0.0529997 0.105292
1 0.942707 0.873497 0.0613174 0.110379
1 0.957784 0.755027 0.0598767 0.0975602
1 0.971858 0.100347 0.039053 0.0801196
