0 0.916334 0.923 0.109285 0.152527
0 0.459988 0.454331 0.048439 0.0880466
0 0.461842 0.323346 0.0429414 0.0697489
0 0.396142 0.341955 0.0342612 0.0803931
0 0.440543 0.381451 0.0394759 0.0571897
0 0.422096 0.313943 0.0361097 0.0761854
0 0.48965 0.401225 0.0405739 0.057804
1 0.533274 0.35401 0.0312386 0.0643833
0 0.446073 0.25098 0.0470402 0.0746797
0 0.505803 0.27785 0.029028 0.0710692
0 0.400787 0.333975 0.0451731 0.0904056
0 0.446453 0.179343 0.0386465 0.0763598
0 0.451174 0.194975 0.053068 0.101334
0 0.432755 0.265457 0.0376945 0.0564063
0 0.483515 0.392772 0.045742 0.0685956
0 0.916334 0.923 0.109285 0.152527
0 0.459988 0.454331 0.048439 0.0880466
0 0.461842 0.323346 0.0429414 0.0697489
0 0.396142 0.341955 0.0342612 0.0803931
0 0.440543 0.381451 0.0394759 0.0571897
0 0.422096 0.313943 0.0361097 0.0761854
0 0.48965 0.401225 0.0405739 0.057804
1 0.533274 0.35401 0.0312386 0.0643833
0 0.446073 0.25098 0.0470402 0.0746797
0 0.505803 0.27785 0.029028 0.0710692
0 0.400787 0.333975 0.0451731 0.0904056
0 0.446453 0.179343 0.0386465 0.0763598
0 0.451174 0.194975 0.053068 0.101334
0 0.432755 0.265457 0.0376945 0.0564063
0 0.483515 0.392772 0.045742 0.0685956
