0 0.272018 0.921185 0.0518713 0.104309
0 0.393742 0.134297 0.0711184 0.137053
0 0.506551 0.12428 0.0876881 0.175141
0 0.525444 0.599137 0.0811972 0.14619
0 0.419894 0.821794 0.0923055 0.164808
0 0.534717 0.803113 0.0885158 0.187142
1 0.130594 0.634405 0.0581775 0.0920842
1 0.352105 0.634466 0.0431115 0.083601
1 0.24374 0.653364 0.0453953 0.0781004
1 0.320846 0.162 0.049365 0.106195
0 0.41042 0.586829 0.0953094 0.187694
1 0.348214 0.830354 0.0446571 0.0841142
1 0.242153 0.0605383 0.0410299 0.0612142
1 0.245017 0.837226 0.0398492 0.06568
0 0.428561 0.96423 0.0973785 0.0715406
0 0.220738 0.929155 0.0542239 0.105516
0 0.52995 0.968348 0.0827986 0.0633039
1 0.232943 0.143483 0.0309342 0.0468247
1 0.15613 0.135203 0.0402556 0.0703925
1 0.234874 0.147456 0.0376803 0.0581331
0 0.244875 0.83853 0.0397055 0.0649483
0 0.272018 0.921185 0.0518713 0.104309
0 0.393742 0.134297 0.0711184 0.137053
0 0.506551 0.12428 0.0876881 0.175141
0 0.525444 0.599137 0.0811972 0.14619
0 0.419894 0.821794 0.0923055 0.164808
0 0.534717 0.803113 0.0885158 0.187142
1 0.130594 0.634405 0.0581775 0.0920842
1 0.352105 0.634466 0.0431115 0.083601
1 0.24374 0.653364 0.0453953 0.0781004
1 0.320846 0.162 0.049365 0.106195
0 0.41042 0.586829 0.0953094 0.187694
1 0.348214 0.830354 0.0446571 0.0841142
1 0.242153 0.0605383 0.0410299 0.0612142
1 0.245017 0.837226 0.0398492 0.06568
0 0.428561 0.96423 0.0973785 0.0715406
0 0.220738 0.929155 0.0542239 0.105516
0 0.52995 0.968348 0.0827986 0.0633039
1 0.232943 0.143483 0.0309342 0.0468247
1 0.15613 0.135203 0.0402556 0.0703925
1 0.234874 0.147456 0.0376803 0.0581331
0 0.244875 0.83853 0.0397055 0.0649483
