0 0.459661 0.715652 0.101607 0.179372
0 0.186957 0.720709 0.105624 0.178022
1 0.270926 0.265589 0.0428399 0.0752366
0 0.174074 0.95527 0.108928 0.0894604
0 0.147933 0.195276 0.0635953 0.0947803
0 0.122802 0.0978153 0.0585058 0.0889043
0 0.182285 0.0996921 0.0483714 0.0739717
0 0.0509262 0.11246 0.0716324 0.0868046
0 0.0924342 0.17618 0.050499 0.0885285
1 0.26918 0.300883 0.0357406 0.0524987
1 0.240116 0.331972 0.0317439 0.0580349
0 0.0169683 0.190906 0.0336532 0.0857939
0 0.0331097 0.198481 0.0600926 0.0798104
0 0.45397 0.964709 0.0940704 0.0705811
0 0.0474755 0.203964 0.0512886 0.0763194
0 0.0186423 0.145317 0.0371232 0.120766
0 0.0539059 0.0430699 0.0690018 0.0768028
1 0.266601 0.314955 0.0254884 0.0377318
0 0.0545143 0.207611 0.0530415 0.0739964
0 0.153156 0.0290572 0.0767171 0.0572803
0 0.459661 0.715652 0.101607 0.179372
0 0.186957 0.720709 0.105624 0.178022
1 0.270926 0.265589 0.0428399 0.0752366
0 0.174074 0.95527 0.108928 0.0894604
0 0.147933 0.195276 0.0635953 0.0947803
0 0.122802 0.0978153 0.0585058 0.0889043
0 0.182285 0.0996921 0.0483714 0.0739717
0 0.0509262 0.11246 0.0716324 0.0868046
0 0.0924342 0.17618 0.050499 0.0885285
1 0.26918 0.300883 0.0357406 0.0524987
1 0.240116 0.331972 0.0317439 0.0580349
0 0.0169683 0.190906 0.0336532 0.0857939
0 0.0331097 0.198481 0.0600926 0.0798104
0 0.45397 0.964709 0.0940704 0.0705811
0 0.0474755 0.203964 0.0512886 0.0763194
0 0.0186423 0.145317 0.0371232 0.120766
0 0.0539059 0.0430699 0.0690018 0.0768028
1 0.266601 0.314955 0.0254884 0.0377318
0 0.0545143 0.207611 0.0530415 0.0739964
0 0.153156 0.0290572 0.0767171 0.0572803
